      0/34        0G    0.1009    0.0454   0.03381    0.1801        71       640    0.1194  0.003859   0.04305  0.009489  0.002855   0.01157 0.0002638
      1/34        0G   0.06881   0.03829   0.02668    0.1338        59       640    0.1302    0.4574    0.2646    0.1088  0.002849   0.01843 0.0002722
      2/34        0G   0.05823   0.02992   0.02443    0.1126       104       640    0.1996    0.5203    0.3635    0.1569  0.002849   0.02092  0.000288
      3/34        0G   0.06115   0.02822   0.01799    0.1074        51       640     0.249    0.5677     0.416    0.1302  0.002849   0.01955 0.0003027
      4/34        0G   0.05573   0.02762    0.0144   0.09775       101       640    0.2951    0.6011    0.4177    0.1674  0.002849   0.01821 0.0003302
      5/34        0G     0.052   0.02756    0.0134   0.09297        55       640    0.4224    0.6278    0.5797    0.2792  0.002849   0.02168 0.0003045
      6/34        0G   0.04961   0.02675   0.01219   0.08855        74       640    0.4125    0.6304    0.5786    0.2637  0.002849    0.0233 0.0003016
      7/34        0G   0.04804   0.02577   0.01148    0.0853        94       640    0.4446    0.6592    0.5527    0.2419  0.002849   0.02145 0.0003477
      8/34        0G   0.04678     0.026   0.01098   0.08376       114       640    0.5485    0.7269    0.7008    0.3603  0.002849   0.02188 0.0003051
      9/34        0G   0.04794   0.02528  0.009763   0.08298        68       640    0.5826    0.7109    0.6956    0.3432  0.002848   0.02155  0.000424
     10/34        0G   0.04791   0.02661  0.008926   0.08345        68       640    0.5783    0.7209    0.7014    0.3345  0.002849   0.02177 0.0003289
     11/34        0G    0.0448   0.02613  0.008625   0.07956        81       640    0.5577    0.8038    0.7513    0.3793  0.002849   0.02394 0.0002852
     12/34        0G   0.04378   0.02537  0.007674   0.07683        47       640    0.6214     0.768    0.7529     0.368  0.002849   0.02243 0.0002549
     13/34        0G   0.04274   0.02433  0.006679   0.07376        70       640    0.6064    0.7862    0.7665    0.4118  0.002848   0.02334 0.0004962
     14/34        0G   0.04178   0.02562  0.006418   0.07381        67       640    0.6432    0.7635     0.768    0.4067  0.002849   0.02224 0.0003601
     15/34        0G   0.04077   0.02432  0.005991   0.07108        80       640    0.6215    0.8101    0.7866    0.4166  0.002849   0.02407 0.0002611
     16/34        0G   0.03984   0.02453  0.005844   0.07022        65       640    0.6478    0.7994    0.7797    0.4054  0.002849   0.02396 0.0003229
     17/34        0G    0.0401   0.02496  0.005134   0.07019        81       640    0.5972    0.8342    0.7986    0.4243  0.002849   0.02347 0.0005197
     18/34        0G   0.03884    0.0243  0.004886   0.06803       101       640    0.6223    0.7974    0.7994    0.3944  0.002849   0.02452 0.0002947
     19/34        0G   0.03821   0.02414  0.004564   0.06692        61       640     0.673    0.7948    0.7964    0.3918  0.002848   0.02382 0.0004933
     20/34        0G   0.03775   0.02362   0.00437   0.06574        84       640    0.7091    0.7924    0.8114    0.4324  0.002849   0.02342 0.0004564
     21/34        0G   0.03723   0.02348  0.004438   0.06514        78       640    0.6834    0.8085    0.8163    0.4264  0.002848    0.0236 0.0004968
     22/34        0G   0.03683   0.02352  0.004171   0.06452        89       640    0.6972    0.7845    0.8026    0.4175  0.002848   0.02359 0.0006227
     23/34        0G   0.03655   0.02325  0.003772   0.06357        90       640    0.7931    0.7511    0.7959    0.4059  0.002848   0.02367 0.0005171
     24/34        0G   0.03566   0.02318  0.003777   0.06262        69       640    0.7506    0.7643    0.8031    0.4122  0.002848   0.02332 0.0005936
     25/34        0G   0.03511   0.02305  0.003517   0.06167        68       640    0.7211    0.7991    0.8214    0.4493  0.002848   0.02533  0.000504
     26/34        0G   0.03452   0.02199  0.003255   0.05976        39       640    0.7067    0.7853    0.8069      0.41  0.002848    0.0259 0.0006172
     27/34        0G   0.03439   0.02211  0.003356   0.05986        78       640    0.7138    0.7896    0.7971    0.4033  0.002849   0.02657 0.0005247
     28/34        0G   0.03365    0.0224  0.002879   0.05893        99       640    0.7221    0.7773    0.7972    0.3827  0.002849   0.02629 0.0004461
     29/34        0G   0.03369   0.02248  0.002753   0.05892        61       640    0.7588    0.7785    0.8152     0.413  0.002849   0.02527 0.0004308
     30/34        0G   0.03331   0.02242  0.002539   0.05827       102       640    0.7583    0.7687    0.8153    0.4031  0.002848   0.02584 0.0005883
     31/34        0G   0.03274   0.02132  0.002561   0.05662        66       640    0.7601    0.7672    0.8104    0.4001  0.002849   0.02559 0.0004963
     32/34        0G    0.0324   0.02139  0.002676   0.05646        86       640    0.7803    0.7561    0.8182    0.4277  0.002848   0.02616 0.0006222
     33/34        0G   0.03218   0.02132  0.002552   0.05605        62       640    0.7319    0.7835    0.8172    0.4112  0.002848   0.02691 0.0004882
     34/34        0G   0.03185    0.0217  0.002552    0.0561        83       640    0.7551    0.7665    0.8021    0.3905  0.002848   0.02662 0.0005513
