1 0.6474969474969474 0.33287545787545786 0.06308506308506305 0.13125763125763126
1 0.47553927553927544 0.6175213675213675 0.05087505087505086 0.11446886446886452
1 0.35140415140415143 0.4175824175824176 0.04884004884004885 0.09004884004884005
1 0.10822140822140823 0.3145604395604396 0.034595034595034595 0.06105006105006104
1 0.7985958485958485 0.21001221001221004 0.03357753357753345 0.06868131868131867
1 0.7034595034595035 0.2329059829059829 0.0284900284900285 0.05647130647130651
1 0.2776353276353276 0.30235042735042733 0.03968253968253968 0.06105006105006104
1 0.05175010175010175 0.20924908424908428 0.033577533577533576 0.0641025641025641
1 0.6388481888481888 0.1978021978021978 0.019332519332519338 0.03510378510378509
1 0.5594831094831094 0.17948717948717952 0.021367521367521354 0.04120879120879121
