0 0.24421725771436897 0.15880547318037563 0.03606627872297624 0.07387752978513083
0 0.3427059419194196 0.1593257374746371 0.031904785024171343 0.06035065813433223
0 0.4436221641154398 0.12342750117059469 0.038147025572378784 0.06763435825399304
0 0.6010653423868941 0.13799490140991624 0.038147025572378784 0.07387752978513085
0 0.7363138875980553 0.17285260912543574 0.038147025572378784 0.07075594401956195
0 0.8243988375560934 0.12758961552468656 0.04092135470491547 0.08428281567036056
0 0.6190984817483822 0.5271525935175069 0.0450828484037203 0.08636387284740649
0 0.4762205314227454 0.5084230789240934 0.04230851927118361 0.08220175849331464
0 0.35241609388329787 0.5188283648093232 0.04300210155431775 0.08220175849331464
0 0.20468306757572183 0.5063420217470476 0.03745344328924465 0.06555330107694714
0 0.07220885149709733 0.46003849955777554 0.04022777242178127 0.0728370011966079
0 0.05556287670187751 0.22123718849175383 0.016645974795219846 0.0447427293064877
