1 0.04303743131868132 0.40941697191697196 0.026614010989010995 0.06868131868131866
2 0.1795415521978022 0.41933760683760685 0.03176510989010988 0.045787545787545826
1 0.29372424450549456 0.4620726495726496 0.0317651098901099 0.07326007326007332
1 0.4903245192307692 0.41628510378510375 0.02833104395604389 0.06715506715506715
2 0.633696771978022 0.4010225885225885 0.030048076923076917 0.045787545787545826
1 0.680056662087912 0.5299908424908425 0.031765109890109854 0.05952380952380949
1 0.765049793956044 0.4017857142857143 0.02833104395604389 0.06868131868131874
1 0.8311555631868132 0.4872557997557997 0.021462912087912046 0.06562881562881566
1 0.9037002060439561 0.4521520146520146 0.024038461538461675 0.05647130647130649
1 0.5529962225274725 0.41170634920634924 0.024896978021978013 0.04578754578754574
1 0.42421875000000003 0.4063644688644688 0.021462912087912046 0.03815628815628816
1 0.11815762362637364 0.4109432234432235 0.0206043956043956 0.035103785103785076
1 0.2855683379120879 0.38347069597069594 0.017170329670329654 0.04120879120879124
1 0.2280477335164835 0.4017857142857143 0.01888736263736264 0.04120879120879124
1 0.7354309752747253 0.42925824175824173 0.029189560439560405 0.05952380952380949
