0 0.2144230769230769 0.27097292950951485 0.039148351648351606 0.06082098014555802
0 0.314010989010989 0.28025070614188813 0.029532967032967008 0.0566975238645032
0 0.4091346153846153 0.26633404119332826 0.02884615384615387 0.06803702863740387
0 0.5142170329670329 0.2477784879285817 0.03159340659340657 0.06391357235634908
0 0.626510989010989 0.26014885677174604 0.0377747252747254 0.07009875677793126
0 0.7274725274725274 0.2508710801393728 0.0405219780219781 0.0762839411995134
0 0.8284340659340659 0.2560254004906913 0.03365384615384613 0.05979011607529429
0 0.8737637362637363 0.48951611240541826 0.0405219780219781 0.06700616456714019
0 0.744642857142857 0.534358699461889 0.03777472527472526 0.063913572356349
0 0.6326923076923077 0.5317815392862296 0.0377747252747254 0.07319134898872237
0 0.5286401098901099 0.5585840051130858 0.03708791208791198 0.06082098014555802
0 0.4118818681318681 0.5359049955672844 0.03846153846153854 0.06288270828608537
0 0.14299450549450549 0.5307506752159661 0.039148351648351676 0.07731480526977708
0 0.28104395604395604 0.5776549904129642 0.035027472527472486 0.06597530049687646
