1 0.7400183028084508 0.362087331941153 0.035151089077708184 0.06053638048757596
1 0.15800110487706237 0.15682928999412626 0.03432043999016531 0.05793733562881071
1 0.06230757814754153 0.20230990630910306 0.03559851548578289 0.056127608726323046
1 0.29425181777482745 0.17926067597047485 0.032804853574571205 0.046618653438125685
1 0.41247316635032794 0.29120857460387023 0.036416496698667915 0.04266727239223562
1 0.5327480879019648 0.2851263520964828 0.027272396698221804 0.04551960393251833
1 0.9490573445107074 0.19807943059212635 0.023954017969775972 0.037635779358949586
1 0.8430309119964884 0.22559779073009467 0.030006652903615177 0.043282571462711944
1 0.6136168902455351 0.25058829627325974 0.028114708008675382 0.05701549784896076
1 0.7048672137307427 0.23960674816396446 0.03272687603786622 0.04458105539782728
1 0.49577883904437525 0.3487130153218048 0.02969660973806377 0.05443581501208381
1 0.14248175989088685 0.44329122425628714 0.03724442195384094 0.07382806307193837
1 0.2558237609446542 0.5232260405328357 0.04618844887139534 0.08604156948115893
1 0.8792490193657457 0.3829714474821202 0.04843810844437689 0.03640308139214208
