1 0.8868308287457223 0.3312692188710475 0.05371224520160684 0.07191790782345212
1 0.5538284250960307 0.17301872625088172 0.04332052923602222 0.09670299665521401
1 0.34313308136065246 0.2788891520522619 0.04953252436841053 0.08943626870472954
1 0.1730508474576271 0.2007338243750171 0.0711864406779661 0.10569261520768872
1 0.06935285053929122 0.1474767941732154 0.04375963020030817 0.06872758139152817
1 0.37028747433264886 0.13256792932895012 0.03528094082508868 0.07795576756575652
1 0.5015450277422109 0.15955615220672448 0.04630815194195479 0.09784067896880476
1 0.8124508165102224 0.11537749666958388 0.04410441044104418 0.0850027305984695
1 0.7060884204362465 0.1650082336322415 0.06221636656419264 0.08923020091103254
1 0.642042160737813 0.1272870116727671 0.044795783926218746 0.08506785917757331
