1 0.17610017005561884 0.40652161877871895 0.13993575676621187 0.1953945504459881
1 0.35801001251564457 0.3974945533769063 0.08197747183979975 0.1583877995642702
1 0.4692740926157697 0.338562091503268 0.05319148936170213 0.12200435729847496
1 0.411639549436796 0.21045751633986928 0.04005006257822278 0.07625272331154685
1 0.45356695869837294 0.15544662309368193 0.014017521902377959 0.031154684095860564
1 0.46583229036295376 0.14041394335511984 0.011514392991239035 0.03202614379084967
1 0.4901752190237797 0.1632897603485839 0.021401752190237756 0.037254901960784306
1 0.5567584480600751 0.1740740740740741 0.01939924906132666 0.04880174291938996
1 0.8529411764705882 0.35326797385620917 0.054818523153942374 0.08649237472766882
1 0.776846057571965 0.30490196078431375 0.03979974968710897 0.07037037037037037
1 0.6801001251564457 0.24978213507625277 0.03829787234042556 0.08649237472766887
1 0.645619524405507 0.2178649237472767 0.030913642052565766 0.06928104575163402
1 0.5851689612015019 0.18823529411764708 0.023153942428035045 0.0505446623093682
1 0.3324028307273493 0.2177745650231419 0.06402011731253929 0.06626306436553114
