0 0.3154227346278317 0.7402002427184466 0.04095873786407764 0.0940533980582524
0 0.2719356796116505 0.6905188106796117 0.03286812297734626 0.07964199029126214
0 0.22212783171521036 0.5729520631067961 0.04348705501618125 0.08115898058252427
0 0.4021440129449838 0.5903974514563107 0.04348705501618125 0.07964199029126214
0 0.49645024271844657 0.5790200242718447 0.04197006472491912 0.07205703883495147
0 0.6130056634304206 0.5297178398058252 0.053600323624595464 0.08267597087378649
0 0.656492718446602 0.41139259708737863 0.048543689320388356 0.06447208737864077
0 0.7475121359223301 0.3613319174757281 0.04753236245954694 0.058404126213592235
0 0.7146440129449838 0.30747876213592235 0.03843042071197414 0.0659890776699029
0 0.6478964401294498 0.26917475728155343 0.05461165048543689 0.07281553398058253
0 0.5851941747572816 0.2657615291262136 0.0414644012944984 0.06295509708737863
0 0.47495954692556636 0.23959344660194173 0.0414644012944984 0.062196601941747566
0 0.3432342233009708 0.3241656553398058 0.029834142394822 0.0750910194174757
0 0.3174453883495146 0.4565230582524272 0.0439927184466019 0.08191747572815533
0 0.22667880258899675 0.43756067961165046 0.04449838187702267 0.0758495145631068
0 0.27092435275080906 0.2892748786407767 0.03893608414239479 0.08874393203883493
0 0.3467738673139158 0.2600728155339806 0.03893608414239479 0.05157766990291264
0 0.42034789644012943 0.4182190533980583 0.04348705501618119 0.05081917475728153
