0 0.14727909482758622 0.2540050287356322 0.027388649425287362 0.07902298850574714
0 0.21956716954022992 0.2773527298850575 0.03547054597701149 0.06465517241379311
0 0.32799928160919545 0.31776221264367815 0.027837643678160884 0.05387931034482758
0 0.39355244252873567 0.3042923850574713 0.027837643678160974 0.06465517241379311
0 0.47190193965517246 0.3002514367816092 0.023796695402298874 0.06375718390804597
0 0.5208423132183908 0.320007183908046 0.02020474137931032 0.06016522988505742
0 0.6506016522988507 0.2903735632183908 0.026490660919540245 0.054777298850574675
0 0.8623024425287357 0.2800466954022988 0.027837643678160974 0.06645114942528733
0 0.8800377155172413 0.21090158045977014 0.022000718390804686 0.06645114942528733
0 0.8214439655172413 0.22751436781609194 0.025143678160919516 0.05118534482758617
0 0.7803609913793104 0.20461566091954025 0.026490660919540245 0.05387931034482758
0 0.7336655890804598 0.2059626436781609 0.02020474137931032 0.04759339080459771
0 0.6869701867816093 0.22931034482758622 0.025592672413793063 0.054777298850574675
0 0.6198455459770115 0.26298491379310346 0.023347701149425238 0.0484913793103448
0 0.5677622126436782 0.2149425287356322 0.023347701149425328 0.07094109195402298
0 0.5282507183908047 0.2158405172413793 0.02693965517241379 0.054777298850574724
0 0.4721264367816092 0.2109015804597701 0.02604166666666661 0.05747126436781609
0 0.3996138649425287 0.22975933908045976 0.02559267241379315 0.041307471264367825
0 0.3466325431034483 0.2185344827586207 0.027388649425287383 0.05657327586206895
0 0.27905890804597705 0.23290229885057473 0.02155172413793105 0.06375718390804597
0 0.30397808908045976 0.20057471264367815 0.01571479885057472 0.051185344827586216
0 0.19621946839080462 0.1844109195402299 0.03098060344827587 0.06375718390804597
