1 0.0769011839708561 0.3888433515482696 0.023907103825136628 0.03642987249544629
1 0.1369535519125683 0.35962355798421375 0.027891621129326083 0.049332119004250156
1 0.2621812386156649 0.3778384942319369 0.0221994535519126 0.0356709168184578
1 0.3563866120218579 0.38846387370977536 0.030737704918032765 0.03415300546448087
1 0.40590846994535523 0.3675925925925926 0.02276867030965393 0.03642987249544629
1 0.49129098360655743 0.35886460230722533 0.0193533697632058 0.02504553734061935
1 0.5331284153005466 0.3990892531876139 0.027891621129326045 0.037188828172434726
1 0.582365664845173 0.42413479052823316 0.028460837887067374 0.037188828172434726
1 0.6259107468123861 0.38542805100182154 0.022199453551912524 0.037188828172434726
1 0.6834016393442623 0.3949149969641773 0.04155282331511848 0.04401942926533088
1 0.684540072859745 0.5819975713418336 0.04155282331511832 0.05085003035822714
1 0.8720969945355193 0.41085306618093503 0.039845173041894416 0.05312689738919245
