2 0.034171622769753614 0.561411572442674 0.03483432455395072 0.06639088912721512
1 0.1407986406117247 0.538430110821715 0.03738317757009345 0.0638373933915531
1 0.3574511469838572 0.5499208416321945 0.03568394222599827 0.07149788059853943
1 0.7771622769753611 0.6622746540013278 0.049277824978759516 0.07915836780552575
1 0.4275446049277825 0.4433123946683008 0.028037383177570104 0.057453654052397746
1 0.3799660152931181 0.47395434349624627 0.0314358538657604 0.05490015831673564
1 0.47172472387425657 0.5511975895000255 0.024638912489379806 0.06383739339155302
1 0.9615293118096857 0.6807874980848782 0.037383177570093476 0.08298861140901899
1 0.4993372982158028 0.45607987334661154 0.03568394222599833 0.05490015831673564
1 0.6229566694987255 0.4579949951483581 0.029736618521665252 0.04851641897758029
