0 0.22788378143972246 0.40226593233674274 0.04546344738829987 0.09651193286126408
0 0.34608874464930195 0.42534487280356675 0.041266821475533705 0.07972724888539211
0 0.47233724085834977 0.40646210333071076 0.04196625912766135 0.08392341987936014
0 0.6157219595445262 0.4169525308156308 0.04896063564893829 0.10910044584316811
0 0.7842864337072992 0.4075111460792027 0.06015163808298139 0.1070023603461841
0 0.36917018716951566 0.23389457120377657 0.03427244495425676 0.07238394964594805
0 0.5391335366365442 0.24700760555992654 0.04406457208404438 0.08811959087332806
0 0.6216671795876116 0.22969840020980853 0.04266569677978909 0.08497246262785212
0 0.7297302968413395 0.22235510097036454 0.046162885040427516 0.09336480461578807
0 0.80526956327113 0.1929819040125885 0.054556136865959844 0.08916863362182009
