1 0.2896230984500574 0.9289769103201938 0.0255632893226177 0.06537823702002793
1 0.35599795493685416 0.7659299655568311 0.027357204362801424 0.05979716800612323
1 0.42528792336394944 0.9245917846664113 0.033187428243398376 0.05660798571246318
1 0.5338197832950631 0.8643959688735806 0.030496555683122817 0.06856741931368798
1 0.6143217207233065 0.8097812220946548 0.023769374282434086 0.05660798571246338
1 0.7019993183122847 0.9014702130373771 0.028702640642939148 0.07414848832759288
1 0.8266764136050515 0.7962271973466003 0.02242393800229625 0.0629863502997832
1 0.8515669847876004 0.7743015690776883 0.022872416762342085 0.062189054726368174
1 0.8567244905281285 0.5969033039928562 0.02421785304247992 0.05341880341880342
1 0.6598423148679677 0.5506601607347875 0.03856917336394938 0.06458094144661311
1 0.4726024325487944 0.5757749712973592 0.02287241676234214 0.049432325551728454
1 0.39680952210103326 0.6152411021814005 0.02287241676234214 0.050229621125143564
1 0.30262898249138914 0.5980992473529786 0.02018154420206658 0.05581069013904827
1 0.22123008754305395 0.6216194667687205 0.011660447761194043 0.03906748309733377
1 0.18153971727898965 0.5614236509758896 0.026460246842709534 0.04464855211123867
1 0.19476984070034442 0.3696740655695879 0.025114810562571754 0.047040438831483615
1 0.48426288030998843 0.36090381426202317 0.02018154420206658 0.04225666539099373
1 0.5259714049942594 0.36768082663605045 0.020181544202066526 0.039864778670748786
1 0.3728159084385763 0.35771463196836323 0.018836107921928802 0.047040438831483615
1 0.30262898249138914 0.3896064549049623 0.02107850172215847 0.03906748309733383
0 0.2044121340413318 0.27997831356040304 0.014799799081515491 0.03986477867074884
