1 0.17479218527738263 0.8754048000968494 0.037228840682788034 0.06961048394419049
1 0.30231485597439545 0.8844844284373958 0.027782716927453766 0.042371598922550845
1 0.3075935721906117 0.8133606731031142 0.030560988620199125 0.05145122726309744
1 0.36538162339971547 0.686245876335462 0.028338371266002804 0.05447777004327959
1 0.2567512002133713 0.6234451136466813 0.0255600995732575 0.05750431282346174
1 0.2925909050497866 0.6597636270088677 0.018336593172119497 0.04842468448291522
1 0.3995543652204836 0.44904058593868224 0.03778449502133707 0.05977421990859839
1 0.45289718172119486 0.5447550013619442 0.030005334281649976 0.03783178475227747
1 0.5265213815789473 0.4846024636058231 0.020559210526315708 0.049181320177960716
1 0.6195934832859176 0.4827108743682092 0.02333748221906118 0.03631851336218632
1 0.7260012891180654 0.3801867376895372 0.023893136557610273 0.038588420447323045
1 0.815739464793741 0.4278547864774068 0.0288940256045519 0.04464150600768742
1 0.6401526938122333 0.3574876668381707 0.031116642958748164 0.031022063496867595
1 0.601256890113798 0.3552177597530341 0.030005334281650087 0.043128234617596344
1 0.7240564989331437 0.1709769680094428 0.0288940256045519 0.051451227263097365
1 0.8182399093172119 0.21561847401713022 0.03278360597439545 0.04691141309282407
1 0.8776949235419629 0.18686631760539935 0.023893136557610162 0.04388487031264188
1 0.9029771959459459 0.2549635301594988 0.030005334281650198 0.051451227263097365
