1 0.27694969846491224 0.4381585387845531 0.023985745614035103 0.04121905350748384
1 0.14502809758771928 0.3859906741891439 0.02055921052631579 0.037354767241157286
1 0.3300609923245614 0.34090733441533344 0.01884594298245612 0.0425071489295927
1 0.4598410087719298 0.4149728211865934 0.017989309210526327 0.030914290130612917
1 0.5296566611842105 0.39758353298812366 0.01884594298245612 0.03993095808537493
1 0.634594298245614 0.4310740139629543 0.019702576754385914 0.04250714892959266
1 0.9185683936403508 0.34283947754849675 0.01370614035087725 0.03864286266326607
1 0.9297046326754386 0.30097637632995844 0.015419407894736836 0.02705000386428628
1 0.4324287280701754 0.4111085349202668 0.017989309210526327 0.036066671819048296
1 0.36646792763157887 0.40853234407604916 0.01970257675438597 0.028338099286395187
