0 0.09709406017369726 0.24015009380863037 0.06397332506203474 0.12936512739817224
1 0.2097743486352357 0.38313260303818925 0.06930443548387097 0.1323912122495915
1 0.30985383064516125 0.5041759970949585 0.0833591811414392 0.17324335774375113
1 0.8907025434243176 0.8355322883253646 0.13424705334987597 0.2715911154148761
1 0.6675228753101736 0.41112388791381704 0.06591191066997515 0.1535738062095261
1 0.7700255893300247 0.257550081704291 0.0576729218362283 0.11423470314107606
1 0.4782684553349876 0.28024571808993526 0.05282645781637718 0.1157477455667857
1 0.3420828163771712 0.18076317859952792 0.036348480148883366 0.08170429098831933
1 0.23303737593052107 0.19400229982448705 0.03925635856079407 0.08246081220117411
1 0.4152644230769231 0.23447618471221934 0.026655552109181135 0.06657386673122316
1 0.3871549317617866 0.19702838467590633 0.022778380893300254 0.052199963686981765
1 0.27205141129032256 0.1977849058887611 0.025201612903225756 0.0567390909641106
0 0.54296875 0.20270229377231738 0.03586383374689828 0.08019124856260969
