1 0.8991682785299806 0.3146461348090606 0.03965183752417798 0.07390093837005461
1 0.846943907156673 0.29144467741381086 0.03965183752417798 0.07905681779122124
1 0.6728626692456479 0.33097308630942146 0.03771760154738879 0.08593132368611003
1 0.7362088974854931 0.266524593544839 0.042553191489361715 0.08764995015983226
1 0.6119342359767891 0.26222802736053347 0.0338491295938104 0.08249407073866565
1 0.5432688588007737 0.3240985804145327 0.031914893617021316 0.07561956484377684
1 0.33147001934235976 0.31894270099336613 0.026112185686653737 0.05843330010655484
1 0.04520309477756286 0.36534561578386554 0.026112185686653775 0.04812154126422159
0 0.16899419729206963 0.40229608496889285 0.022243713733075456 0.04640291479049937
0 0.48330754352030947 0.29831918330869966 0.028046421663442928 0.07218231189633244
2 0.3977176015473888 0.292303990650672 0.019342359767891667 0.07733819131749901
2 0.9315667311411991 0.21840305228061732 0.042553191489361715 0.10139896194960986
1 0.3841779497098645 0.30003780978242184 0.011605415860735 0.06187055305399924
2 0.2502321083172147 0.2828515450451999 0.03578336557059959 0.06874505894888804
