1 0.1777276478185993 0.6714504401071564 0.1390284156142365 0.22962112514351318
1 0.5614012270378874 0.8014096185737976 0.14575559701492535 0.20889144023472372
1 0.4257364021239954 0.5841465748182165 0.1076349024110218 0.1841752774588596
1 0.528662277554535 0.3768497257303227 0.10090772101033291 0.1873644597525195
1 0.8522397029276693 0.4605657609388953 0.11122273249138925 0.236796785304248
1 0.7185930324339839 0.16835693328230636 0.0825200918484501 0.1403240209210358
1 0.17144894517795634 0.3884105115448398 0.09956228473019516 0.1738104350044648
1 0.34949501291618823 0.30828230641663473 0.09507749712973596 0.14112131649445078
1 0.049014243685419054 0.2556607985712463 0.0780353042479908 0.12995917846664112
1 0.22773302956371982 0.14244482714631967 0.08207161308840413 0.12358081387932134
1 0.41766378444316876 0.2173906110473274 0.06547789896670492 0.13155376961347107
1 0.5122928028128587 0.1396542926393672 0.06637485648679675 0.1275672917463962
1 0.5676799296785304 0.08344495471361142 0.06054463260619969 0.13155376961347107
1 0.9403657792766933 0.19626227835183055 0.0659263777267508 0.13713483862737594
