0 0.09084931930693069 0.3279656961978726 0.044477103960396044 0.10305863300084653
1 0.20639310024752475 0.6923515771651515 0.04931157178217821 0.08465530567926674
1 0.4036393873762376 0.5966542750929368 0.03964263613861385 0.08833597114358273
1 0.5723623143564356 0.6187382678788325 0.05607982673267331 0.11041996392947835
1 0.657448948019802 0.660145754352387 0.03867574257425743 0.0828149729471088
1 0.8092512376237624 0.6739482498435716 0.04254331683168311 0.08833597114358284
1 0.9030399133663366 0.42734366373440313 0.03867574257425743 0.09201663660789872
1 0.47470606435643564 0.39789834001987556 0.02900680693069302 0.066251978357687
1 0.21509514232673266 0.32428503073355663 0.04351021039603961 0.10673929846516253
1 0.32387066831683164 0.3546505208141632 0.030940594059405913 0.09753763480437265
0 0.4722888304455446 0.3969781736537966 0.028039913366336655 0.07545364201847692
