1 0.7045319022063209 0.5593991807009558 0.04940795638470054 0.09710210893642854
1 0.4157509157509158 0.6845698680018207 0.03918562058096942 0.0834471248672432
1 0.4753812079393475 0.6716734941587014 0.0238521168753727 0.04248217265968755
1 0.31778686429849223 0.6693976634805038 0.02725956214328307 0.059171597633136175
1 0.22280432745549028 0.6064330147170384 0.026407700826305454 0.05765437718100445
1 0.3173609336400034 0.5662266727355485 0.023000255558395084 0.053102715824609334
1 0.49028878098645545 0.5313306023365195 0.019592810290484663 0.03793051130329236
1 0.5384189453956895 0.5282961614322561 0.015333503705596722 0.0318616294947656
1 0.44002896328477725 0.5298133818843879 0.014481642388619152 0.031861629494765516
0 0.24495272169690774 0.7938097405553025 0.029815146094215827 0.053102715824609334
