2 0.1324588433579053 0.8590890199036375 0.03490015151773099 0.058494835521758576
1 0.30951327056980876 0.8583193510151932 0.03319770510223189 0.06003417329864698
1 0.49550554146308246 0.849083324353863 0.039156267556478684 0.0631128488524238
2 0.6640477365974906 0.8644767021227469 0.034048928309981394 0.056955497744870166
1 0.8496143958868894 0.8683250465649678 0.030644035478983197 0.06465218662931203
1 0.11202948637191644 0.6081769622708311 0.02809036585573469 0.06465218662931203
2 0.2792948466947003 0.6312670289241569 0.03575137472548054 0.07080953773686564
1 0.4576261087182281 0.6312670289241569 0.031495258686732835 0.0615735110755353
1 0.6282963618720101 0.6458907378045965 0.03575137472548049 0.053876822191093354
2 0.8032227310645397 0.6505087511352616 0.029792812271233742 0.05695549774487025
2 0.966231975348576 0.6412727244739312 0.030644035478983384 0.060034173298646895
2 0.912604913260355 0.4796422579006512 0.032346481894482484 0.0631128488524237
1 0.7644920751119357 0.47425457568154183 0.03234648189448239 0.052337484414205035
2 0.615528013755767 0.471175900127765 0.03064403547898329 0.052337484414205035
1 0.45634927390660374 0.45655219124732543 0.03745382114097959 0.06619152440620044
1 0.28865830197994513 0.44500715792066253 0.03064403547898329 0.058494835521758576
2 0.11330632118354074 0.4503948401397719 0.03234648189448237 0.0785062266213075
1 0.8823864893852466 0.34341086464602927 0.034900151517731036 0.0615735110755353
2 0.7117162362314646 0.31801179132737095 0.034048928309981484 0.07234887551375398
1 0.5572192240249237 0.32109046688114773 0.02809036585573474 0.06619152440620044
2 0.4108088322920036 0.3087757646660407 0.029792812271233742 0.06311284885242362
2 0.2699313914094554 0.3226298046580361 0.03234648189448234 0.0631128488524237
2 0.09330257580142665 0.2918430491202685 0.031495258686732835 0.07542755106753074
1 0.8513168423023885 0.1840894047380817 0.03064403547898329 0.06619152440620048
1 0.7053320621733431 0.1717747025229746 0.028090365855734642 0.053876822191093396
1 0.5593472820442975 0.1802410602958607 0.028941589063484194 0.05233748441420499
2 0.4018709886106335 0.1748533780767514 0.034048928309981484 0.050798146637316625
2 0.24694836480021792 0.18101072918430489 0.027239142647985142 0.0785062266213075
1 0.10351725429442107 0.16946569585764204 0.03490015151773097 0.055416159967981805
1 0.9628270825175778 0.040930991487462084 0.030644035478983384 0.050798146637316625
2 0.8219496416350295 0.03939165371057371 0.034900151517731036 0.06311284885242369
1 0.6780929195253579 0.037082647045241134 0.031495258686732835 0.05849483552175853
1 0.5350874206234358 0.03785231593368533 0.034900151517731036 0.060034173298646916
1 0.38995386370213997 0.04170066037590629 0.02894158906348424 0.0615735110755353
1 0.23715929791109824 0.03554330926835275 0.02809036585573469 0.05849483552175853
1 0.0873440133471799 0.029385958160799225 0.02298302660923748 0.058494835521758555
