0 0.48934659090909094 0.39225645548830557 0.0390625 0.06463091943185623
0 0.5915685876623377 0.4036619118586332 0.022321428571428648 0.057027281851637884
0 0.6577719155844156 0.22763770187657775 0.01978490259740262 0.045621825481310246
0 0.624797077922078 0.28770643876030294 0.022828733766233712 0.027373095288786148
0 0.8157974837662337 0.21357097235317374 0.018262987012987075 0.04334073420724473
0 0.9408482142857143 0.35233735819215917 0.022828733766233712 0.04866328051339758
0 0.8614549512987012 0.3504364487971045 0.02942370129870131 0.038778551659113716
0 0.7234679383116882 0.5044101097965267 0.035511363636363584 0.06995346573800904
0 0.6968344155844156 0.4500441010979652 0.021814123376623407 0.07375528452811823
0 0.3731737012987013 0.42305118768819 0.023843344155844194 0.06082910064174695
0 0.2917512175324675 0.4067033668907205 0.02536525974025974 0.06006873688372518
0 0.2828733766233766 0.46677210377444567 0.02384334415584415 0.06767237446394359
0 0.28109780844155846 0.26223425286657137 0.01420454545454546 0.03573709662702639
0 0.06118100649350649 0.30709571458985974 0.025872564935064936 0.02965418656285167
0 0.038098620129870135 0.2614738891085495 0.02536525974025974 0.0402992791751574
0 0.09035105519480519 0.24398552267404727 0.017248376623376617 0.04029927917515737
0 0.21058238636363635 0.22573679248152315 0.01420454545454546 0.03725782414307004
