1 0.1124914383561644 0.3079756468797565 0.0642123287671233 0.1354642313546423
1 0.3650599315068493 0.3125418569254186 0.0625 0.1354642313546423
1 0.43997431506849316 0.3117808219178082 0.05650684931506845 0.10045662100456619
1 0.589375 0.2653576864535769 0.048801369863013665 0.12633181126331813
1 0.7195119863013699 0.16185692541856928 0.047089041095890426 0.10502283105022833
1 0.8085530821917809 0.1732724505327245 0.04366438356164395 0.08523592085235919
1 0.8624914383561645 0.226544901065449 0.040239726027397324 0.07610350076103499
1 0.9558133561643837 0.24937595129375953 0.03681506849315056 0.07305936073059362
1 0.05127568493150685 0.17479452054794523 0.03424657534246575 0.09741248097412482
1 0.21309075342465755 0.30569254185692546 0.04623287671232877 0.10350076103500763
