1 0.1768390510325994 0.45028058361391693 0.030721966205837156 0.08658008658008653
1 0.8574159412869089 0.11277857944524611 0.03669568185697215 0.09459676126342792
1 0.3010069977811913 0.1753086419753086 0.02645502645502646 0.0689434022767356
1 0.5382488479262671 0.1496552829886163 0.024748250554702162 0.06253006253006252
1 0.45291005291005293 0.14163860830527494 0.021334698754053662 0.06253006253006252
1 0.3534903567161632 0.17290363957030622 0.02218808670421572 0.06734006734006735
1 0.8027991124765318 0.11839025172358504 0.028161802355350755 0.06734006734006735
2 0.6568697729988052 0.17290363957030622 0.04693633725891793 0.09940676607343275
2 0.2284690220174091 0.45428892095558754 0.04693633725891793 0.09459676126342792
1 0.5770779996586447 0.09113355780022445 0.01877453490356717 0.044893378226711585
2 0.923553507424475 0.09353856020522684 0.015360983102918578 0.04329004329004327
