0 0.1722738776408451 0.28989751098096633 0.03713688380281693 0.05980244571381435
0 0.2558318661971832 0.2388592167941765 0.026821082746478875 0.05877136906357622
0 0.3091301716549296 0.25484090487286826 0.030259683098591506 0.051553832511908926
0 0.39131272007042256 0.24504567669560556 0.04057548415492962 0.054647062462623484
0 0.4800286091549296 0.26154290309941647 0.028196522887323994 0.0484606025611944
0 0.5439865757042254 0.2734002845771555 0.029571963028169 0.04742952591095623
0 0.6127585827464789 0.22648629699131836 0.029571963028169 0.052584909162147135
0 0.6880639304577465 0.23731260181881925 0.03713688380281688 0.05980244571381439
0 0.7461762764084507 0.2543253665477492 0.03782460387323949 0.05877136906357622
0 0.8073833626760564 0.2388592167941765 0.03644916373239426 0.056709215763099875
0 0.8410816461267606 0.4925040727527685 0.03369828345070425 0.06083352236405261
0 0.745144696302817 0.47703792299919573 0.039887764084507116 0.05877136906357626
0 0.6536779269366197 0.4801311529499103 0.04676496478873238 0.06289567566452887
0 0.5457058758802817 0.48734868950157756 0.041263204225352124 0.058771369063576176
0 0.4538952464788733 0.4239374755119296 0.04057548415492962 0.06392675231476709
0 0.36070917693661975 0.4713670014228858 0.03438600352112675 0.06598890561524344
0 0.26408450704225356 0.4538386983688368 0.033698283450704136 0.07011321221619612
0 0.921201034330986 0.40228486585692785 0.0096280809859155 0.022683686305239984
0 0.02991582306338028 0.41104901738395233 0.01375440140845069 0.023714762955478114
