0 0.21695175438596492 0.18609022556390975 0.03874269005847953 0.08519104779492592
0 0.33838815789473686 0.20312843512289494 0.035270467836257355 0.09178648375324276
0 0.5161111111111112 0.21315899397616847 0.02814327485380119 0.07117574638350263
1 0.15100000000000002 0.33270676691729323 0.025250000000000005 0.05864661654135336
1 0.3485 0.36738721804511276 0.029750000000000016 0.045676691729323274
1 0.48488736090111273 0.3442070057424503 0.02699428404572764 0.04582068606609037
1 0.629141081871345 0.3071439563821835 0.022843567251462034 0.05743525480367583
1 0.7415680574555404 0.34474609917406374 0.027701778385772827 0.04371393600279769
1 0.8826419288645689 0.33741758637359465 0.028385772913816682 0.05065673760324202
2 0.9708772229822161 0.3441032471740226 0.03385772913816681 0.04654248480297872
1 0.2798125 0.3798872180451128 0.03662500000000001 0.046992481203007516
1 0.42137311901504787 0.4680451127819548 0.03095075239398085 0.05271386400337365
