1 0.2857769973661106 0.31458516242317824 0.06529850746268656 0.07133450395083409
1 0.18148839137645106 0.36390961857379767 0.06426202321724712 0.07669983416252073
1 0.17465978928884987 0.5176141352063214 0.07023705004389814 0.08011413520632132
1 0.06875548726953468 0.2915386303775241 0.06365232660228272 0.060359964881474965
1 0.062140278997171 0.8045678470393132 0.08993025070724804 0.1087089064481514
1 0.8847371289619319 0.44067932807870763 0.06428531499804344 0.06847783554139412
1 0.9333004919224105 0.6660273072838058 0.08245290401922978 0.08315165744312152
1 0.8223733858795907 0.4195420370059813 0.04297333556934429 0.06253843143831404
1 0.5725690368382805 0.20415129409134106 0.0485633629604785 0.04821398624853263
1 0.7537208619822238 0.16275015372575324 0.04821398624853263 0.0485633629604785
1 0.8793217899267707 0.2064222427189893 0.049960869808261976 0.050659623232153846
2 0.9551365364190285 0.23332424953882272 0.05904466431885509 0.05065962323215382
1 0.2163630377524144 0.22843503072870938 0.05816505706760315 0.05487269534679545
0 0.4939592766504555 0.13095687293867742 0.05065962323215382 0.05415339035161272
1 0.6372037285482699 0.11226521884957237 0.038082061602101806 0.03423891777069709
1 0.7144159818883112 0.08483914696182011 0.03249203421096759 0.03528704790653475
1 0.3606782265144864 0.27836918349429324 0.03841088674275681 0.06913959613696226
1 0.5365452151009659 0.42789727831431085 0.07188323090430207 0.06639596136962249
1 0.4893546971027217 0.5903204565408252 0.06639596136962253 0.07188323090430207
1 0.9203735535804125 0.11348803734138299 0.040527698585723096 0.02340823970037454
0 0.9474502487562189 0.03470358879758511 0.038780815025993544 0.030745150651238194
1 0.5863198542172857 0.12315602221450885 0.03991669559180834 0.02429711905588339
1 0.28454138880067753 0.15520138668360325 0.04631099820048696 0.051603683709114015
1 0.46946022727272724 0.03855368046132971 0.028091078697422042 0.0249109565807327
