1 0.8744245524296674 0.2657930616573246 0.051150895140664954 0.09998485078018483
1 0.5713554987212276 0.23019239509165276 0.055413469735720346 0.08332070898348731
0 0.415771526001705 0.2983638842599606 0.03069053708439896 0.04999242539009239
0 0.7405797101449274 0.2150431752764732 0.020460358056265934 0.04393273746402058
1 0.3620630861040067 0.2127707923041963 0.023870417732310353 0.045447659445538593
0 0.225234441602728 0.18247235267383727 0.026427962489343537 0.05453719133464623
0 0.08712702472293264 0.24003938797151939 0.05711849957374253 0.11816391455840021
0 0.2878942881500426 0.3127556430843811 0.025575447570332477 0.07271625511286171
0 0.4601023017902813 0.19156188456294498 0.015345268542199452 0.039387971519466734
0 0.6357203751065642 0.20671110437812448 0.023870417732310408 0.051507347371610356
