1 0.3149621483926521 0.17314070672279624 0.03139351320321471 0.09408087766296723
2 0.6425758826061997 0.20782306416634772 0.030048076923076872 0.06298635029978314
0 0.3813370048794489 0.6295924225028702 0.05202353616532718 0.12517540502615127
1 0.516329111653272 0.667065314453374 0.05022962112514351 0.1443104987881107
1 0.5784434199196326 0.7316462558999871 0.06951420780711826 0.14909427222860058
1 0.6609635117680825 0.6407545605306798 0.046193312284730115 0.09966194667687202
0 0.8219673866245694 0.6794233958413063 0.047090269804822116 0.09567546880979716
1 0.14274630453501722 0.44063337160352084 0.04305396096440872 0.09647276438321212
1 0.20149702210103326 0.42707934685546617 0.03408438576349024 0.07095930603393287
0 0.20396365528128585 0.3011066462558999 0.03273894948335246 0.06777012374027302
