1 0.35473790322580645 0.7629032258064516 0.035282258064516105 0.08512544802867394
1 0.4898815524193548 0.6497759856630825 0.0346522177419355 0.07840501792114701
1 0.41081149193548394 0.6676971326164874 0.03150201612903225 0.08288530465949823
1 0.2088835685483871 0.6632168458781362 0.0359122983870968 0.07616487455197138
1 0.2618069556451613 0.711939964157706 0.042212701612903206 0.08624551971326169
1 0.017981350806451614 0.646975806451613 0.024571572580645164 0.05488351254480293
1 0.09957157258064518 0.5971326164874552 0.025201612903225812 0.05376344086021511
1 0.6678679435483872 0.7029793906810036 0.0365423387096774 0.0705645161290322
1 0.8949974798387097 0.5775313620071686 0.02331149193548381 0.09296594982078854
1 0.7633190524193548 0.6150537634408602 0.024571572580645108 0.06944444444444445
1 0.7781250000000001 0.6934587813620072 0.020161290322580606 0.05600358422939075
1 0.5932081653225806 0.6794578853046594 0.0233114919354839 0.04816308243727592
2 0.15123487903225807 0.6256944444444444 0.0264616935483871 0.061603942652329775
