1 0.32967875647668393 0.32255052980441584 0.05803108808290159 0.12603276851981518
0 0.8151709844559586 0.6703076133127946 0.04870466321243521 0.09335760631097417
0 0.9483316062176166 0.6718635734179776 0.033160621761658036 0.043566882945121274
0 0.9830466321243523 0.5575005056870342 0.02383419689119171 0.03578708241920677
0 0.7659481865284975 0.6034013287899298 0.022797927461139806 0.040454962734755455
0 0.6866735751295336 0.6018453686847469 0.030051813471502556 0.046678803155487086
0 0.6358963730569949 0.6104031492632529 0.021761658031088132 0.02956324199847522
0 0.5732020725388602 0.5738380867914546 0.035233160621761614 0.049790723365852906
0 0.43537823834196887 0.5224914033204189 0.026943005181347134 0.03423112231402391
0 0.3711295336787565 0.5232693833730103 0.04145077720207252 0.03578708241920677
0 0.140559585492228 0.3894568143272806 0.03212435233160622 0.04823476326066995
0 0.02138860103626943 0.4843703807434378 0.027979274611398965 0.04512284305030422
0 0.6327875647668394 0.5512766652663026 0.017616580310880862 0.026451321788109404
0 0.6524766839378239 0.5224914033204189 0.01968911917098444 0.037343042524389636
0 0.9255336787564767 0.5396069644774308 0.016580310880828963 0.02800728189329227
0 0.9457409326424872 0.5917316280010582 0.01968911917098444 0.05134668347103585
