1 0.857329873125721 0.43995437510184127 0.06401384083044984 0.12364730803515794
0 0.9109630911188004 0.2952199292622377 0.052479815455594124 0.10256017023071246
2 0.6494290657439447 0.2865933728876918 0.05190311418685118 0.10831120781374312
1 0.29475778546712805 0.3479377737733516 0.04152249134948098 0.10064315770303563
1 0.762750865051903 0.7830996175560008 0.1147635524798154 0.13514938320121925
2 0.35588811995386394 0.739487582551352 0.09111880046136103 0.15527801474182645
1 0.37347750865051904 0.30432573876870284 0.04209919261822374 0.06901245099636727
1 0.735645905420992 0.23531328777233557 0.039792387543252615 0.0862655637454591
1 0.7705363321799309 0.18642946831657545 0.025374855824682737 0.04792531319192171
1 0.40958544839255506 0.2545523573829042 0.026226734348561775 0.06186987640086056
1 0.8969166666666667 0.1095567867036011 0.01783333333333341 0.03185595567867036
1 0.9568333333333334 0.11662049861495845 0.016666666666666666 0.0299168975069252
1 0.8473333333333334 0.09958448753462605 0.013333333333333334 0.02299168975069253
1 0.7400833333333333 0.1368421052631579 0.018833333333333355 0.034903047091412745
1 0.47575 0.18628808864265928 0.022500000000000003 0.03518005540166204
1 0.5610833333333334 0.2149584487534626 0.022833333333333317 0.024930747922437674
1 0.5956666666666667 0.14058171745152354 0.017666666666666612 0.034072022160664815
1 0.5128333333333334 0.12825484764542935 0.016666666666666666 0.03268698060941829
1 0.5729166666666667 0.12534626038781163 0.010833333333333334 0.02243767313019389
