0 0.3953396885806818 0.4829055136124456 0.06388792320031228 0.08808053077099062
0 0.6002961054443025 0.3794230075730256 0.07066152648124831 0.07248467363865849
0 0.7319170729959351 0.43047044552994784 0.058467715504546006 0.0534111398878798
0 0.06392829481358207 0.4596738308672643 0.04606822127718385 0.06264175396911116
0 0.2553132832874386 0.3963120567375886 0.04658134147925864 0.044058797892151065
0 0.23249793235882213 0.32340900986568405 0.048271367473970976 0.038987281588018514
1 0.12604841194203467 0.4014602008856248 0.04448462617078065 0.04773733664542606
0 0.9113869084612735 0.5760602667209611 0.019676117535627355 0.02667209610098751
0 0.9480930449673922 0.5856296447113917 0.0214401832457181 0.027079303675048398
0 0.652795682290861 0.5310896196002579 0.014575706010759925 0.021972920696324994
0 0.8051460243589801 0.6124286591835596 0.013398778924613924 0.021667504327916465
0 0.8702045398040504 0.6112000893505333 0.016376285352306022 0.023677891327413894
2 0.8304548289943622 0.6093013905176746 0.012505526996306398 0.031942815658680956
