1 0.33987773487773487 0.37506288013902217 0.050836550836550844 0.07088306580692366
1 0.5634942084942085 0.27216810719348783 0.038610038610038616 0.08231581835642746
1 0.6223745173745173 0.25273242785933137 0.0431145431145431 0.08002926784652671
1 0.7407786357786358 0.2750262953308638 0.036679536679536766 0.06745324004207255
1 0.8054504504504504 0.2561622536241825 0.0373230373230373 0.07088306580692366
1 0.22823037323037323 0.2750262953308638 0.04375804375804376 0.06745324004207255
0 0.4087323037323037 0.1961403027392875 0.02509652509652507 0.0697397905519733
1 0.9238545688545686 0.2424429505647779 0.020592020592020584 0.0708830658069237
1 0.09309523809523808 0.3344766085882836 0.09523809523809522 0.14748250788859923
1 0.1716023166023166 0.29160378652764435 0.05019305019305016 0.10289477294553438
