0 0.24449327256944445 0.15714982918496828 0.047471788194444475 0.1281112737920937
0 0.31264919704861116 0.2547584187408492 0.021023220486111105 0.09150805270863836
0 0.4560818142361111 0.33660728810802015 0.01627604166666663 0.03558646494224828
0 0.5194905598958333 0.3411826907434521 0.01288519965277779 0.03253619651862694
0 0.5537380642361112 0.3482999837319018 0.01627604166666663 0.024402147388970216
0 0.6185031467013888 0.3594843012851798 0.01288519965277779 0.03863673336586953
0 0.65478515625 0.36100943549699044 0.01220703125 0.03151944037741991
0 0.7117513020833334 0.38388644867415 0.01627604166666674 0.026435659671384396
0 0.7019178602430556 0.33660728810802015 0.011528862847222321 0.02541890353017733
1 0.8260226779513888 0.5618187733853913 0.06306966145833337 0.10980966325036604
