1 0.05389469978879614 0.20992993395688758 0.055315297194005825 0.13968509392425715
1 0.10198129337222166 0.0752735034139037 0.045886553354118474 0.10951311363661759
1 0.25315548627174894 0.5060623330763128 0.03268631197827616 0.0435817493043683
1 0.4213014180830735 0.23116206823337468 0.0383435582822086 0.0704012873378256
1 0.49233128834355827 0.12779509872942438 0.02451473398370711 0.05587403756970287
1 0.5649326159106909 0.2412193949959212 0.035200643668912734 0.07710617184618992
1 0.6199336216433672 0.22054600109513112 0.02828623151966199 0.046934191558550414
1 0.741564417177914 0.2725088560349547 0.033943477823594456 0.05699151832109692
1 0.7814794327667706 0.20154882832143214 0.024514733983707168 0.0625789220780672
1 0.8317660665795032 0.2607753081453172 0.032057729055617046 0.06704884508364342
1 0.9191390928291261 0.28256618279750123 0.032057729055617046 0.05699151832109692
