1 0.013897357723577232 0.10337398373983739 0.02921747967479674 0.06097560975609757
1 0.07010924796747967 0.14046747967479675 0.031122967479674794 0.061991869918699205
1 0.023424796747967477 0.2329471544715447 0.025406504065040646 0.03353658536585367
1 0.12378048780487803 0.043922764227642276 0.026676829268292682 0.051829268292682924
1 0.1888846544715447 0.07186991869918699 0.03239329268292682 0.058943089430894303
1 0.18412093495934959 0.2685162601626016 0.03429878048780486 0.07012195121951219
1 0.2327108739837398 0.24463414634146338 0.03620426829268292 0.05894308943089428
0 0.28955792682926823 0.1780691056910569 0.03175813008130082 0.06199186991869918
1 0.4070630081300813 0.21363821138211384 0.03683943089430895 0.0579268292682927
1 0.3613313008130081 0.3025609756097561 0.03938008130081302 0.06504065040650409
1 0.34005335365853656 0.3879268292682927 0.04128556910569105 0.06300813008130078
1 0.3000381097560975 0.48955284552845535 0.048907520325203235 0.054878048780487826
1 0.08535315040650407 0.5556097560975609 0.05271849593495935 0.06707317073170734
1 0.04216209349593495 0.4377235772357724 0.04382621951219511 0.06097560975609753
1 0.23048780487804876 0.8427032520325203 0.05843495934959352 0.07825203252032509
0 0.24795477642276423 0.6983943089430894 0.05525914634146343 0.07012195121951227
1 0.48899898373983736 0.6770528455284553 0.052083333333333336 0.09451219512195119
1 0.4276168699186992 0.9497764227642276 0.06143292682926831 0.08711382113821155
1 0.7392530487804877 0.7527642276422765 0.04573170731707326 0.07113821138211383
1 0.9107469512195121 0.895040650406504 0.04827235772357715 0.07723577235772364
1 0.8669207317073171 0.5484959349593496 0.04319105691056902 0.08943089430894305
1 0.9050304878048779 0.45754065040650405 0.03683943089430895 0.08231707317073168
1 0.6811356707317073 0.4920934959349594 0.03620426829268292 0.07215447154471548
1 0.6150787601626017 0.2578455284552845 0.04128556910569105 0.07317073170731708
1 0.4493013211382113 0.5185162601626017 0.040015243902439046 0.0762195121951219
1 0.40642784552845523 0.4001219512195122 0.04573170731707314 0.07520325203252033
1 0.4702616869918698 0.2812195121951219 0.040015243902439046 0.05081300813008132
1 0.4512068089430894 0.09219512195121951 0.03239329268292686 0.06707317073170732
1 0.5039253048780488 0.0449390243902439 0.032393292682926796 0.05792682926829268
1 0.5579141260162601 0.1313211382113821 0.033663617886178915 0.06199186991869918
1 0.8586636178861787 0.2288821138211382 0.03429878048780495 0.07621951219512196
1 0.9755208333333333 0.354410569105691 0.04062500000000012 0.0711788617886179
1 0.751003556910569 0.3904674796747967 0.03620426829268292 0.04573170731707317
1 0.673831300813008 0.2634349593495935 0.03810975609756101 0.051829268292682924
1 0.7122586382113821 0.2171951219512195 0.03493394308943086 0.044715447154471545
1 0.706542174796748 0.10743902439024391 0.038744918699187045 0.03658536585365854
1 0.7446519308943088 0.10489837398373984 0.02731199186991861 0.057926829268292686
1 0.9212271341463413 0.1658739837398374 0.0222306910569106 0.07621951219512194
1 0.9647357723577235 0.09727642276422764 0.02921747967479682 0.05487804878048781
1 0.7097179878048779 0.013943089430894309 0.03620426829268292 0.032520325203252036
1 0.34259400406504065 0.03071138211382114 0.03493394308943086 0.0355691056910569
