1 0.6051432291666667 0.2568219983207389 0.052734375 0.11020151133501259
1 0.6529947916666667 0.3392107472712007 0.0559895833333334 0.08606213266162886
2 0.8121744791666669 0.2914567590260286 0.05924479166666661 0.09760705289672544
2 0.9554036458333335 0.27991183879093195 0.05794270833333322 0.11020151133501259
2 0.2408854166666667 0.4725020990764064 0.04427083333333335 0.0818639798488665
2 0.0859375 0.4336691855583544 0.0546875 0.11125104953820317
1 0.0201171875 0.4657850545759866 0.041796875000000004 0.09361880772460116
1 0.310546875 0.5060873215785054 0.04947916666666666 0.07976490344248528
0 0.4241536458333334 0.4971662468513854 0.030598958333333304 0.0787153652392947
0 0.5283203125 0.43839210747271207 0.04622395833333331 0.08291351805205707
