1 0.11329097676806572 0.6761228391930385 0.03722243614426904 0.10145549615639762
1 0.2570465922217944 0.6936824442970305 0.03978950070594274 0.10535763062395136
1 0.40336927223719676 0.612387976222994 0.03208830702092157 0.078042689351075
1 0.5500128353228084 0.6494582536647546 0.02502887947631882 0.06893770892678293
1 0.6263830060326018 0.6826263966389615 0.026312411757155717 0.07023842041596753
1 0.7595494801694262 0.7079902706780609 0.03080477474008468 0.07153913190515215
1 0.9026633294827365 0.7567669515224829 0.025670645616737216 0.07023842041596753
1 0.8272558079835708 0.5551566706988723 0.02374534719548193 0.06503557445922929
1 0.8802015145680914 0.6084858417554402 0.020536516493389858 0.06243415148085996
1 0.3661468360929277 0.42898765624796764 0.012835322808368662 0.036419921697168435
1 0.07863560518547041 0.4153301856115295 0.010268258246694903 0.027314941272876356
1 0.30774611731485046 0.5740169872920488 0.012835322808368608 0.04552490212146052
1 0.7364458991143628 0.5070303455990426 0.015402387370042394 0.04162276765390668
1 0.8776344500064176 0.43093872348174456 0.012835322808368608 0.04292347914309129
