1 0.15935532823741005 0.12392239183157722 0.05198965827338131 0.08559724458393625
1 0.33640119154676257 0.22837141052030893 0.02248201438848918 0.06419793343795217
1 0.4821830035971223 0.20289604010842316 0.024589703237410054 0.05400778527319786
1 0.6444750449640286 0.22735239570383353 0.010538444244604261 0.049931726007296146
2 0.5443598246402878 0.24977072166629302 0.02669739208633093 0.0703120223368048
1 0.6918980440647482 0.30224998471477776 0.021076888489208634 0.044836651924919015
1 0.7294851618705036 0.33231092180080296 0.01896919964028776 0.03974157784254184
1 0.7979850494604316 0.31600668473719606 0.01826663669064743 0.03770354820959098
1 0.8749156924460431 0.37307151445982023 0.0077281924460431695 0.027513400044836638
1 0.9342822616906474 0.35116269590559845 0.012646133093525247 0.038722563026066435
1 0.9876770458633093 0.3684859477856808 0.01826663669064743 0.03057044449426295
