0 0.043755425347222224 0.711281926142834 0.014919704861111105 0.07320644216691069
1 0.09868706597222224 0.7189075972018871 0.03390842013888891 0.06405563689604685
1 0.2587348090277778 0.7412762323084431 0.03119574652777779 0.04982105091914754
1 0.5255940755208334 0.7626281112737922 0.03323025173611116 0.066089149178461
0 0.3631727430555556 0.657393850658858 0.0244140625 0.05083780706035466
1 0.41301812065972227 0.6701033024239467 0.030517578125 0.05795510004880427
1 0.5049099392361112 0.6848462664714495 0.03255208333333337 0.032536196518626985
1 0.5991753472222222 0.5719863347974622 0.02577039930555558 0.05897185619001138
1 0.5469563802083334 0.5902879453391899 0.02305772569444442 0.04473727021311207
1 0.4570990668402778 0.623840897999024 0.030517578125 0.044737270213112156
0 0.3289252387152778 0.5658857979502196 0.01152886284722221 0.05083780706035466
1 0.3540174696180556 0.5806287619977225 0.030517578125 0.04575402635431918
2 0.3947075737847222 0.5938465918334147 0.026448567708333315 0.03965348950707668
1 0.6144341362847223 0.482511794371238 0.02373589409722221 0.03050268423621276
1 0.5649278428819444 0.4799699040182203 0.02509223090277779 0.03151944037741995
0 0.572726779513889 0.9654709614446073 0.03797743055555558 0.06100536847242552
