2 0.007944277108433736 0.2916219599427754 0.020707831325301206 0.06929542203147357
1 0.15540913654618477 0.241326895565093 0.06714357429718879 0.1117668097281831
1 0.44375000000000003 0.3821530758226037 0.027610441767068297 0.06482474964234616
2 0.3031877510040161 0.33968168812589417 0.038905622489959865 0.0536480686695279
1 0.5554467871485945 0.2726216022889843 0.025100401606425682 0.040236051502145924
1 0.42210090361445785 0.30335747496423465 0.021962851405622513 0.04582439198855512
1 0.7932730923694781 0.2692685979971388 0.05647590361445784 0.08047210300429185
1 0.8921059236947793 0.2765334406294707 0.03953313253012049 0.06594241773962808
1 0.9773719879518074 0.3144447424892704 0.035617469879518075 0.13505901287553648
1 0.6859688755020081 0.2765334406294707 0.021335341365461894 0.08158977110157363
