0 0.22686274509803925 0.3964896820151282 0.06372549019607845 0.14792433827463572
0 0.10081232492997201 0.05448021905391371 0.03991596638655461 0.08078137622090034
0 0.40123249299719893 0.415898194483786 0.06652661064425772 0.09651800795224458
0 0.6694397759103642 0.3251502848330344 0.05672268907563023 0.0786831586567211
0 0.9450000000000001 0.44684690355542966 0.04201680672268917 0.11645107481194729
0 0.5538935574229693 0.27794038963900164 0.046918767507002794 0.07448672352836266
0 0.437296918767507 0.27689128085691206 0.030812324929972025 0.07029028840000422
0 0.489467787114846 0.2936770213703459 0.020308123249299686 0.040915242501494996
0 0.8196498599439778 0.3356413726539305 0.03921568627450976 0.08497781134925877
0 0.008497899159663867 0.3551075861056033 0.0186624649859944 0.04604538444591319
0 0.07455182072829133 0.3555744395136332 0.03361344537815126 0.05770098301492877
0 0.042689075630252114 0.35242711316736436 0.01890756302521009 0.05140633032239107
