1 0.5026065969428801 0.4336524318198258 0.18664521319388572 0.2990041233633141
1 0.3678519710378117 0.21723614091774973 0.08930008045052293 0.14106242916736997
1 0.19448109412711181 0.05628029225241734 0.038616251005631534 0.04822647151021194
1 0.03833496956607108 0.10188263957956933 0.07637934419791871 0.11505346602244573
1 0.2748616600790514 0.09516832004190073 0.04035781152485955 0.06297582601213374
1 0.47795396419437336 0.1944918709101932 0.027202976052080885 0.04460023554499396
1 0.4544710532434317 0.1683589203955483 0.023947919088584048 0.04460023554499396
1 0.5444501278772379 0.22811626723903633 0.020227853987444696 0.03519237335972179
1 0.6510532434317601 0.29484240088642966 0.03813066728667753 0.07456601880178682
1 0.726733317833062 0.3816037965950507 0.07463380609160668 0.12961943455263872
1 0.820495867768595 0.30604409214763434 0.2 0.26133267277681443
