1 0.2615686274509804 0.648972602739726 0.04248366013071897 0.08863819500402897
1 0.3589542483660131 0.6827155519742144 0.059477124183006505 0.10173247381144242
1 0.5024183006535948 0.7401289282836422 0.06143790849673198 0.10777598710717172
1 0.6024183006535948 0.8494157937147462 0.06405228758169933 0.12288477034649482
1 0.7370588235294118 0.657030620467365 0.06666666666666667 0.12691377921031416
1 0.824640522875817 0.7572522159548751 0.061437908496732106 0.12389202256244966
1 0.9321568627450981 0.750201450443191 0.0647058823529412 0.12993553585817888
1 0.8618954248366013 0.5744359387590653 0.05751633986928103 0.11684125705076553
1 0.9429411764705884 0.4480257856567284 0.04313725490196084 0.09770346494762289
1 0.21549019607843137 0.5145044319097503 0.05228758169934641 0.10173247381144242
1 0.04228758169934641 0.4218372280419017 0.045751633986928116 0.09770346494762283
1 0.2050326797385621 0.3528404512489927 0.05228758169934641 0.09669621273166801
1 0.2965359477124183 0.40219580983078157 0.049673202614379096 0.08863819500402897
1 0.3716993464052288 0.48680499597099114 0.05098039215686274 0.09266720386784852
1 0.43901960784313726 0.5190370668815472 0.047058823529411785 0.09871071716357772
1 0.6011111111111112 0.41478646253021756 0.05359477124183008 0.09971796937953266
1 0.6641830065359478 0.43291700241740527 0.04901960784313726 0.10576148267526185
1 0.7651633986928105 0.5356567284448025 0.03529411764705881 0.10576148267526185
1 0.8079738562091504 0.5809830781627718 0.052941176470588214 0.10777598710717162
1 0.7690849673202615 0.2767929089443997 0.04575163398692805 0.09971796937953266
1 0.8998039215686275 0.3467969379532635 0.05359477124183008 0.09468170829975828
1 0.9661437908496732 0.3140612409347301 0.04771241830065353 0.0936744560838034
1 0.5939215686274509 0.6308420628525383 0.06274509803921571 0.09669621273166805
1 0.5190849673202614 0.3412570507655117 0.037254901960784285 0.09770346494762289
1 0.5563398692810457 0.3689564867042708 0.03464052287581694 0.10676873489121674
1 0.6233333333333333 0.2984488315874295 0.04575163398692818 0.08863819500402903
1 0.5024183006535948 0.20074536663980663 0.040522875816993494 0.08058017727639004
1 0.25666666666666665 0.18362207896857372 0.043137254901960805 0.0846091861402095
1 0.11058823529411765 0.32917002417405317 0.039869281045751624 0.08158742949234489
1 0.07529411764705883 0.29643432715551976 0.034640522875816995 0.07856567284448024
1 0.9210457516339869 0.2359991941982272 0.04248366013071897 0.08662369057211926
1 0.9533986928104576 0.16649879129734088 0.04836601307189539 0.0765511684125705
1 0.4697385620915033 0.04008863819500403 0.04183006535947716 0.06950040290088638
0 0.5383660130718955 0.07080983078162771 0.0418300653594771 0.08259468170829976
1 0.6785620915032681 0.0491539081385979 0.04117647058823524 0.07755842062852539
0 0.867450980392157 0.08994762288477035 0.02679738562091504 0.07856567284448024
0 0.29555555555555557 0.13678485092667203 0.032026143790849664 0.07957292506043513
0 0.35568627450980395 0.019943593875906523 0.02549019607843143 0.039282836422240126
1 0.7272549019607842 0.48781224818694596 0.03529411764705881 0.10475423045930703
1 0.36777777777777776 0.33370265914585007 0.0418300653594771 0.0785656728444803
1 0.420718954248366 0.3578767123287671 0.039215686274509824 0.08259468170829978
1 0.47137254901960784 0.3392425463336019 0.04379084967320258 0.0715149073327961
1 0.11320261437908496 0.13074133763094276 0.039869281045751624 0.06547139403706688
1 0.5190849673202614 0.6056607574536663 0.06209150326797385 0.0684931506849315
1 0.0815032679738562 0.49889202256244963 0.02875816993464053 0.09266720386784852
1 0.32627450980392153 0.2934125705076551 0.035947712418300616 0.07453666398066075
1 0.12725490196078432 0.5195406929895245 0.03137254901960784 0.08763094278807415
1 0.7318300653594773 0.17707493956486703 0.03790849673202615 0.08561643835616438
2 0.5524183006535948 0.2591659951651894 0.04248366013071891 0.07252215954875099
2 0.6671241830065361 0.306003223207091 0.01568627450980393 0.07957292506043513
1 0.8318300653594772 0.08188960515713135 0.032679738562091463 0.06446414182111201
0 0.5857516339869282 0.021958098307816278 0.03464052287581694 0.04532634971796937
1 0.25928104575163397 0.08642224012892828 0.03398692810457514 0.07352941176470587
1 0.06745098039215686 0.0879331184528606 0.02679738562091503 0.08460918614020951
2 0.027908496732026142 0.059226430298146664 0.03790849673202615 0.08763094278807414
1 0.39130718954248367 0.14131748589846896 0.03137254901960786 0.060435132957292484
1 0.23673202614379085 0.025483481063658338 0.0411764705882353 0.04633360193392426
1 0.19 0.1629734085414988 0.026143790849673203 0.059427880741337626
1 0.9504575163398694 0.9546736502820306 0.07124183006535949 0.07352941176470577
1 0.4288888888888889 0.7602739726027397 0.04771241830065359 0.09568896051571311
0 0.6756209150326798 0.19873086220789685 0.022222222222222223 0.08460918614020951
1 0.8024183006535949 0.08239323126510878 0.028758169934640514 0.06950040290088637
