1 0.5893582818930041 0.5526875751688407 0.13245884773662553 0.19119869244765159
1 0.814088220164609 0.6652480957227002 0.10352366255144041 0.22717694102651081
1 0.34726723251028807 0.5706766994582704 0.09966563786008234 0.19222664240704765
1 0.14150591563786008 0.30443765997471245 0.07651748971193416 0.13877324451845682
1 0.26399819958847737 0.13996566647135616 0.041152263374485604 0.07298444711711435
1 0.8510609567901234 0.21243613860877253 0.051440329218106956 0.1007390960208057
1 0.7841885288065843 0.05721569473998006 0.03986625514403291 0.06373289748255054
1 0.7960841049382715 0.1523010659841079 0.03922325102880665 0.07092854719832237
1 0.45111239711934153 0.5403521756560891 0.06815843621399172 0.1336334947214769
1 0.045698302469135796 0.31934293438595407 0.08037551440329216 0.06373289748255054
0 0.5883937757201645 0.20986626371028258 0.05336934156378596 0.09354344630503389
0 0.26914223251028807 0.33784603365508165 0.08101851851851852 0.1336334947214769
0 0.1543659979423868 0.7402884427586065 0.09580761316872428 0.16138814362516832
0 0.3594843106995884 0.2874764856446788 0.06237139917695475 0.11718629537114135
0 0.4739390432098765 0.07417686907001367 0.030221193415637868 0.0709285471983224
2 0.6533371913580247 0.11015511764887287 0.03665123456790127 0.04831364809161089
2 0.45368441358024686 0.22939731293880614 0.060442386831275736 0.10999064565536949
1 0.12125128600823044 0.08805419352185936 0.029578189300411523 0.0616769975637586
1 0.03669624485596708 0.15127311602471188 0.0379372427983539 0.09971114606140974
0 0.07720550411522634 0.14150759141045013 0.03022119341563786 0.04728569813221493
1 0.7536458333333333 0.4231658802849477 0.06880144032921803 0.09662729618322179
1 0.495801183127572 0.3548072079851153 0.03536522633744852 0.12643784500570507
