1 0.1113687899402185 0.4944917151813703 0.08825499896928468 0.18659501418122107
1 0.17643269428983716 0.26460665771010594 0.07279426922284064 0.15673981191222572
1 0.28175891568748707 0.15488878937154799 0.050247371675943106 0.1462904911180773
1 0.38644094001236856 0.21161367368263917 0.02512368583797158 0.07463800567248842
1 0.41575190682333535 0.3205851619644723 0.0283446712018141 0.08658008658008655
1 0.41704030096887235 0.21683833407971337 0.024479488765203075 0.05523212419764143
1 0.5497448979591836 0.3511867442901926 0.03349824778396207 0.07314524555903859
1 0.9014764996907852 0.35193312434691737 0.12497423211708923 0.32243618450515
1 0.7555658627087197 0.31237498134049857 0.06506390434961869 0.12389908941633082
1 0.6160971964543394 0.2586356172563069 0.03220985363842506 0.040304523063143756
1 0.5368609565038135 0.2250485147036871 0.02190270047412912 0.056724884311091205
1 0.5784116676973821 0.1765338110165696 0.018681715110286545 0.05523212419764143
