0 0.7857618743580488 0.25362923410645755 0.040946062238014634 0.06883030201902221
0 0.6549426755128667 0.263536626063741 0.04441606751242254 0.07404471883864507
0 0.5418205035671654 0.24789337560487235 0.04025206118313296 0.0740447188386451
0 0.41655331316103594 0.2604079759719673 0.03955806012825144 0.06361588519939927
0 0.3065541459623018 0.25102202569664606 0.03608805485384337 0.06361588519939931
0 0.1736529439524748 0.28282996829634577 0.03678205590872497 0.07091606874687136
0 0.20696499458679177 0.524778908726848 0.04233406434777783 0.07508760220256966
0 0.3513172140021652 0.5560654096445853 0.03817005801848817 0.07300183547472046
0 0.5307164866890597 0.5529367595528116 0.033312050634316824 0.07091606874687138
0 0.686172722982539 0.5404221591857167 0.03470005274408018 0.07925913565826793
0 0.8568969824834132 0.5545010845986985 0.04025206118313296 0.06570165192724847
