1 0.4859818262411348 0.31952440550688366 0.08865248226950351 0.1543596161869003
1 0.6757535460992908 0.39826866916979553 0.08172650709219864 0.21380892782644975
1 0.8239694148936171 0.4472882770129328 0.0831117021276595 0.13037129745515225
1 0.20686502659574468 0.8159783062161035 0.14960106382978722 0.19816437213183147
0 0.06245844414893617 0.4556320400500626 0.08657468971631205 0.15748852732582397
0 0.22521886081560286 0.09267834793491865 0.05194481382978727 0.13662911973299957
0 0.08739195478723405 0.09685022945348352 0.06025598404255321 0.13871506049228202
0 0.6255402260638299 0.09319983312473927 0.06718195921985815 0.11055486024196912
0 0.8627548758865249 0.1182311222361285 0.04432624113475181 0.1355861493533584
1 0.9167774822695036 0.27467667918231126 0.07618572695035475 0.13558614935335836
