1 0.8008902691511387 0.6584782608695652 0.06107660455486547 0.06677018633540359
1 0.9240786749482401 0.6118944099378882 0.05279503105590071 0.06677018633540367
1 0.8728364389233955 0.8036645962732918 0.08281573498964798 0.11180124223602482
1 0.8381987577639751 0.9556521739130436 0.07979296066252595 0.07726708074534161
1 0.38008281573498964 0.7601863354037266 0.0766045548654244 0.08385093167701858
1 0.2667287784679089 0.831614906832298 0.06935817805383021 0.06832298136645965
1 0.5690062111801242 0.8044409937888198 0.06935817805383024 0.08229813664596285
1 0.044679089026915114 0.6491614906832297 0.06832298136645963 0.07608695652173911
1 0.14923395445134574 0.7687267080745341 0.06211180124223601 0.08540372670807464
1 0.050890269151138715 0.5039751552795031 0.06418219461697722 0.0745341614906833
1 0.2537888198757764 0.6530434782608695 0.04968944099378881 0.07142857142857142
1 0.5814285714285714 0.5754037267080745 0.05900621118012417 0.07142857142857142
1 0.7123809523809523 0.6569254658385093 0.06418219461697726 0.08850931677018642
1 0.7625879917184264 0.4123602484472049 0.048654244306418216 0.06832298136645965
1 0.6751138716356108 0.4977639751552795 0.05175983436853 0.09627329192546588
1 0.8190062111801242 0.37897515527950304 0.041407867494824044 0.06677018633540367
1 0.3309109730848861 0.36577639751552793 0.04244306418219459 0.06521739130434785
1 0.11403726708074532 0.26950310559006213 0.03726708074534161 0.07453416149068326
1 0.15233954451345755 0.39372670807453414 0.047619047619047616 0.06832298136645965
1 0.5001656314699793 0.7749378881987579 0.05175983436853 0.08229813664596268
1 0.9535817805383021 0.7982298136645961 0.04761904761904751 0.06677018633540374
1 0.7119668737060041 0.9525465838509318 0.07536231884057965 0.08347826086956518
1 0.6704554865424431 0.22291925465838508 0.03416149068322988 0.062111801242236066
1 0.23981366459627326 0.3595652173913043 0.0445134575569358 0.06832298136645956
1 0.09902691511387164 0.42711180124223597 0.03623188405797101 0.07298136645962733
1 0.17925465838509316 0.5327018633540372 0.041407867494824016 0.06677018633540374
1 0.489296066252588 0.5008695652173912 0.06107660455486547 0.08695652173913045
1 0.6280124223602483 0.7935714285714286 0.04658385093167702 0.11024844720496893
