0 0.3012447552447553 0.7517901260416232 0.07972027972027973 0.15912231481093758
0 0.6851608391608393 0.7004941166617814 0.06713286713286709 0.18634060550228218
0 0.6208251748251749 0.49792722247812077 0.03916083916083914 0.08898287341401119
0 0.19075524475524475 0.5518403751936687 0.0629370629370629 0.10468573342824838
0 0.3994965034965035 0.4817009337967422 0.03846153846153846 0.08793601607972872
0 0.31523076923076926 0.42307692307692313 0.02657342657342656 0.052342866714124234
0 0.19250349650349655 0.35241405301285544 0.0370629370629371 0.05548343871697166
0 0.07082517482517482 0.396905489719861 0.031468531468531465 0.043968008039864316
0 0.6694265734265734 0.3853900590427537 0.023076923076923096 0.06909258406264392
0 0.8711748251748251 0.3346174783300532 0.022377622377622402 0.049202294711276774
