1 0.08173285590277779 0.4491691104594331 0.02034505208333333 0.036656891495601175
1 0.16786024305555558 0.4527329749103943 0.016276041666666657 0.033602150537634434
1 0.2634819878472222 0.45171472792440537 0.016276041666666685 0.03767513848159011
2 0.3489312065972222 0.4547694688823721 0.01220703125 0.03563864450961223
1 0.4320068359375 0.4527329749103943 0.01288519965277779 0.033602150537634434
1 0.5113525390625 0.4562968393613555 0.01559787326388884 0.02851091560768982
1 0.5900200737847222 0.4527329749103943 0.01695421006944442 0.033602150537634434
1 0.6351182725694444 0.45782420984033884 0.01627604166666663 0.023419680677745202
1 0.6958143446180556 0.4588424568263278 0.011528862847222321 0.02749266862170088
1 0.9236789279513888 0.45935158031932233 0.01424153645833337 0.03462039752362338
1 0.9474148220486112 0.4654610622352558 0.01152886284722221 0.022401433691756345
1 0.9758978949652778 0.4746252851091561 0.011528862847222099 0.020364939719778468
1 0.8802761501736112 0.46647930922124475 0.01152886284722221 0.018328445747800588
1 0.8392469618055556 0.462406321277289 0.01220703125 0.022401433691756262
1 0.7968614366319444 0.4562968393613555 0.01288519965277779 0.022401433691756345
2 0.7466769748263888 0.45782420984033884 0.01152886284722221 0.025456174649723082
1 0.6598714192708334 0.47004317367220594 0.01424153645833326 0.019346692733789528
1 0.6123996310763888 0.4730979146301727 0.01152886284722221 0.017310198761811647
1 0.3770751953125 0.47564353209514504 0.01288519965277779 0.024437927663734142
