1 0.145916445035461 0.569837296620776 0.11497118794326239 0.2419691280767626
1 0.5479693040780143 0.5500208594075928 0.12813054078014185 0.2461410095953275
1 0.39594414893617025 0.48170629954109306 0.07341533687943264 0.18251981643721318
1 0.9091589095744681 0.4504171881518565 0.051252216312056675 0.14705882352941177
1 0.7599041445035462 0.40556946182728415 0.04086325354609932 0.09073842302878599
1 0.6653645833333334 0.4300792657488527 0.051252216312056786 0.11472674176053396
0 0.825354609929078 0.3502920317062995 0.03740026595744683 0.08448060075093869
0 0.5940270390070923 0.3216103462661661 0.04155585106382975 0.0980392156862745
0 0.9621426196808511 0.36332916145181476 0.038092863475177374 0.0876095118898623
0 0.3031360815602837 0.37740926157697124 0.030474290780141855 0.1032540675844806
