1 0.10287446631878555 0.544998644619138 0.10377134724857684 0.16473090476885546
1 0.13660015417457302 0.40893925808536813 0.04966200189753317 0.0990470629939321
1 0.3059698173624288 0.38235294117647056 0.031131404174573052 0.09591926100465002
1 0.35118447580645157 0.3416915153158038 0.019271821631878572 0.07506724774276959
1 0.47089213709677413 0.31301999708071815 0.021495493358633766 0.059428237796359265
1 0.7288380574003794 0.3317868090164105 0.028907732447817747 0.07610984840586354
1 0.7714584321631878 0.29425318514502574 0.020754269449715368 0.05108743249160706
1 0.8463220469639468 0.3588944262568551 0.05485056925996201 0.0990470629939321
1 0.9374925877609108 0.32292470338011137 0.04299098671726753 0.06672644243801741
1 0.9323040203984819 0.4532497862668641 0.06078036053130931 0.13345288487603477
