1 0.8026281599168492 0.4761425283577183 0.02227254166821342 0.04931777083675826
1 0.8360369724191692 0.46843662666447483 0.014848361112142354 0.02774124609567649
1 0.8923370083027085 0.4751150747986191 0.01237363426011848 0.03287851389117211
1 0.524530729920685 0.4643268124280782 0.01794176967717192 0.042125595923064335
1 0.6040313300419465 0.4802523425941147 0.014848361112142243 0.03493342100937041
1 0.6522885036564089 0.4843621568305113 0.019797814816189658 0.04726286371855987
1 0.7231275597955875 0.47408762123952 0.019179133103183744 0.04109814236396514
1 0.6822945667371964 0.46175817853033047 0.015467042825148157 0.03493342100937032
1 0.6999269955578653 0.48693079072825907 0.014848361112142243 0.03185106033207301
1 0.6321813479837163 0.48230724971231304 0.019179133103183744 0.03493342100937032
1 0.4277070418352574 0.4632993588689791 0.019797814816189658 0.042125595923064335
1 0.40605318188004996 0.4889856978464574 0.023509905094225136 0.040070688804866035
1 0.31386960664216684 0.48693079072825907 0.01732308796416595 0.03390596745027122
1 0.18209040177190441 0.4751150747986192 0.012373634260118536 0.028768699654775597
1 0.26068972582566047 0.4868074065672319 0.009390994036718834 0.024102535019565607
1 0.3554533929234591 0.4924785912777179 0.009390994036718779 0.0269381273748086
1 0.36975331566119 0.4843262632563943 0.008110403940802589 0.026229229285997854
1 0.48650044607221676 0.48007287472352983 0.01280590095916195 0.03615380252934841
1 0.5603478082700508 0.495314183632961 0.014513354420383592 0.028355923552430096
