0 0.6059895833333333 0.3129923284177618 0.04523026315789469 0.07301371835215237
0 0.7214638157894737 0.343843195327122 0.03769188596491233 0.08535406511589638
0 0.9157483552631579 0.39886057464881425 0.03700657894736832 0.06992863166121634
0 0.8341968201754386 0.26671602805372163 0.03974780701754384 0.07301371835215237
0 0.9400767543859647 0.2646593035930976 0.036321271929824483 0.07712716727340041
0 0.8801123903508771 0.146911828222373 0.053453947368421066 0.07404208058246434
0 0.7807428728070175 0.15616708829518106 0.041118421052631506 0.07198535612184033
0 0.6947368421052631 0.12325949692519692 0.036321271929824483 0.07609880504308837
0 0.6714364035087719 0.20912774315624932 0.04043311403508785 0.07507044281277638
0 0.5569901315789474 0.1026922523189568 0.04317434210526319 0.07815552950371236
0 0.4987390350877192 0.2029575697743773 0.04591557017543862 0.07301371835215237
0 0.4689281798245613 0.2898541782357417 0.04934210526315788 0.0781555295037124
0 0.40759320175438596 0.13200057588284894 0.05139802631578947 0.08329734065527239
0 0.35448190789473677 0.19164558524094524 0.054824561403508824 0.08124061619464837
0 0.34797149122807014 0.3417864708664979 0.05550986842105257 0.08329734065527238
0 0.18144188596491226 0.5135229633286028 0.04317434210526319 0.07095699389152829
0 0.0831003289473684 0.20141502642890927 0.05208333333333335 0.08226897842496038
0 0.02896107456140349 0.2718578392052816 0.04523026315789474 0.0689002694309043
0 0.18041392543859647 0.2276382633018654 0.03152412280701755 0.07095699389152836
