      0/14        0G   0.09633   0.04523   0.03283    0.1744        40       640   0.09349    0.2108   0.09723   0.02197  0.001848   0.02203 0.0001922
      1/14        0G    0.0671   0.03423   0.02602    0.1274        44       640    0.1071    0.4814    0.2316   0.08688  0.001847   0.02042 0.0001904
      2/14        0G    0.0579   0.02876   0.02086    0.1075        64       640     0.251    0.5544    0.4486    0.1569  0.001846   0.02028 0.0001981
      3/14        0G   0.05711   0.02732    0.0149   0.09932        55       640    0.2786    0.5855    0.4648    0.2081  0.001847   0.02079 0.0002406
      4/14        0G   0.05142   0.02679   0.01306   0.09126        47       640    0.3791    0.6076    0.5575    0.2672  0.001847   0.02256 0.0002342
      5/14        0G   0.05209   0.02727   0.01246   0.09182        69       640     0.427    0.6297    0.5813    0.2381  0.001846   0.01998 0.0002669
      6/14        0G   0.04735   0.02668   0.01159   0.08563        33       640    0.5503     0.668    0.6333    0.2924  0.001846   0.02402 0.0002214
      7/14        0G   0.04633   0.02576   0.01011   0.08219        39       640    0.5616    0.7098    0.6808    0.3449  0.001847   0.02325 0.0001688
      8/14        0G   0.04379   0.02611  0.009187   0.07909        62       640    0.5528    0.7805    0.7209    0.3863  0.001846   0.02341 0.0003283
      9/14        0G   0.04174    0.0245  0.007877   0.07412        35       640    0.5956    0.7878    0.7395    0.3854  0.001846    0.0232 0.0003521
     10/14        0G   0.04095   0.02599  0.007163    0.0741        74       640     0.659    0.7891    0.7741    0.3925  0.001847   0.02264 0.0002598
     11/14        0G   0.04011   0.02528  0.006433   0.07181        53       640    0.6052    0.7985    0.7557    0.3836  0.001846   0.02405 0.0002399
     12/14        0G   0.03915   0.02489  0.005948   0.06999        98       640     0.661    0.8002    0.7873    0.4233  0.001848   0.02236 0.0003801
     13/14        0G   0.03869   0.02372  0.005245   0.06765        37       640    0.7162    0.7741    0.7959     0.429  0.001848   0.02195 0.0004018
     14/14        0G   0.03799   0.02471  0.005215   0.06791        44       640    0.6823    0.7922    0.7976    0.4178  0.001847   0.02418 0.0004207
