0 0.08804932487164693 0.40636847666203985 0.022144909293286007 0.05593652240568479
0 0.16293408392920616 0.422942261078539 0.021562148522410052 0.04143446104124797
0 0.22033601986048704 0.43174708404980416 0.024475952376789796 0.05075721477552878
0 0.28327418311508945 0.40636847666203985 0.029138038543797377 0.05593652240568479
0 0.35349685600564107 0.41672709192235186 0.028555277772921453 0.058008245457747215
0 0.42284538773987884 0.38565124614141577 0.028555277772921453 0.06007996850980964
0 0.4971473860265622 0.34887816196730825 0.030303560085549287 0.0528289378275912
0 0.5787338939491949 0.35975470799063586 0.030303560085549287 0.05593652240568479
0 0.6976170912078882 0.33541196212890256 0.0326346031690531 0.0652592761399656
0 0.8156261473102676 0.31624852389732544 0.03321736393992903 0.06629513766599682
0 0.9208144664533762 0.321945762290497 0.03380012471080495 0.056972383931716004
0 0.03676637703456353 0.5410304750460959 0.02097938775153413 0.0352192918850608
0 0.10407524607073548 0.5410304750460959 0.021562148522410084 0.03936273798918566
0 0.19527730671282129 0.5182415214734094 0.023310430835037886 0.0435061840933104
0 0.23840160375764144 0.5363690981789554 0.024475952376789796 0.04868549172346641
0 0.3304778055560411 0.5260104829186434 0.023310430835037886 0.04454204561934156
0 0.39458149035239537 0.5208311752884874 0.027972517002045467 0.04247032256727924
0 0.4481954812729826 0.5322256520748307 0.024475952376789796 0.05282893782759115
0 0.5385234007587544 0.5229028983405498 0.01864834466803031 0.05282893782759126
0 0.6442944806727389 0.5166877291843626 0.023893191605913872 0.05904410698377838
0 0.7835743049120906 0.5063291139240507 0.02505871314766572 0.04247032256727924
0 0.8607901070531535 0.5104725600281754 0.030303560085549287 0.0528289378275912
