1 0.6521250000000001 0.3393058161350845 0.03524999999999991 0.06360225140712947
1 0.44987499999999997 0.3939024390243902 0.0225 0.047091932457786104
1 0.349 0.4030956848030019 0.015499999999999972 0.03395872420262663
1 0.27025 0.4070356472795497 0.014000000000000021 0.025328330206378986
1 0.22543750000000004 0.4212945590994372 0.011374999999999993 0.02120075046904312
1 0.18831249999999997 0.4226078799249531 0.009875000000000007 0.020075046904315174
1 0.16112500000000002 0.4120075046904315 0.01174999999999999 0.01651031894934336
1 0.1359978386167147 0.42310125384561315 0.01008645533141209 0.016220512460057023
1 0.9153125 0.3575046904315197 0.025875000000000058 0.03733583489681052
1 0.7455625 0.38358348968105066 0.018125 0.026829268292682895
1 0.7718125000000001 0.3806754221388367 0.012124999999999915 0.01801125703564727
1 0.584989816700611 0.4071753094156353 0.011583503054989848 0.018723514824056237
1 0.5151069246435845 0.4017302056147618 0.013110997963340126 0.021971471477208914
1 0.30375 0.4053470919324578 0.008250000000000028 0.015196998123827382
1 0.8519375 0.3943714821763602 0.011124999999999972 0.021388367729831156
1 0.8321250000000001 0.3961538461538462 0.010750000000000029 0.0144465290806754
1 0.622125 0.39924953095684806 0.013250000000000029 0.022889305816135117
