1 0.856308610400682 0.525244244039079 0.10059676044330772 0.20496003279360522
1 0.4858908780903666 0.4767370362779258 0.082693947144075 0.16260162601626013
1 0.16577152600170503 0.5839994534399126 0.06820119352088662 0.13937282229965156
1 0.05920716112531969 0.5799002527840403 0.08354646206308608 0.1311744209879073
1 0.8030264279624894 0.20892259342761493 0.07246376811594199 0.13254082120653138
1 0.35289855072463766 0.3264330122292819 0.0707587382779199 0.12160961945753912
1 0.06261722080136402 0.36264261802281883 0.0682011935208866 0.11204481792717091
1 0.9223785166240408 0.1993577918972467 0.03154305200341004 0.11614401858304296
1 0.48205456095481664 0.2663114026098244 0.049445865302642805 0.09701441552230648
1 0.14999999999999997 0.3428298148527703 0.0434782608695652 0.12434241989478718
1 0.5310741687979539 0.07159937145589942 0.060528559249786874 0.10384641661542665
1 0.37719522591645355 0.1419689827150372 0.03751065643648763 0.07515201202432192
1 0.27063086104006817 0.14811778369884537 0.03410059676044328 0.09291521486643435
0 0.22374254049445863 0.12010657921705267 0.04092071611253198 0.058755209400833515
1 0.07114236999147484 0.16314818610370974 0.04262574595055413 0.08744961399193822
1 0.028942881500426253 0.17749538839926213 0.038363171355498715 0.050556808089089286
