1 0.580067880283863 0.6030864197530865 0.054509924920292115 0.07407407407407407
1 0.39185436593643935 0.6015432098765433 0.06273783811580785 0.08950617283950614
1 0.23449552607219992 0.5637345679012347 0.06479481641468682 0.08796296296296297
1 0.05502416949501183 0.4665123456790124 0.04113956597757893 0.0663580246913581
1 0.15427337241592104 0.434104938271605 0.038054098529260526 0.05401234567901233
1 0.48647536768487093 0.4078703703703704 0.033940141931502625 0.06635802469135804
1 0.6957729095958037 0.4387345679012346 0.037025609379821044 0.0787037037037037
1 0.8798724673454695 0.4804012345679013 0.03496863108094214 0.06944444444444445
1 0.16610099763447497 0.27283950617283953 0.030854674483184203 0.05555555555555556
1 0.35225753368301965 0.24429012345679016 0.024683739586547362 0.04166666666666669
1 0.6248071582844801 0.2851851851851852 0.024683739586547362 0.0462962962962963
1 0.6988583770441221 0.22114197530864202 0.024683739586547362 0.05092592592592595
1 0.7487401007919368 0.30987654320987656 0.03188316363262372 0.049382716049382755
1 0.8891288696904248 0.3191358024691358 0.02674071788542626 0.0462962962962963
1 0.4407076005348144 0.1933641975308642 0.02262676128766839 0.04475308641975307
1 0.37025609379821045 0.18410493827160496 0.02365525043710791 0.047839506172839524
1 0.5044739278000617 0.19645061728395063 0.02262676128766839 0.04166666666666667
2 0.40111076828139464 0.40169753086419757 0.033940141931502625 0.06635802469135804
1 0.6196647125372827 0.22500000000000003 0.024683739586547362 0.043209876543209895
