1 0.4813978494623656 0.2902938685272119 0.04623655913978496 0.08326514205320353
1 0.7593548387096773 0.35848514865699066 0.058064516129032316 0.07321590077092041
1 0.9701075268817203 0.3764302223753535 0.05376344086021516 0.08326514205320357
1 0.8023655913978494 0.23574084442338888 0.058064516129032316 0.07752271846332744
1 0.561505376344086 0.2213847854486986 0.051612903225806465 0.06603787128357524
1 0.3217204301075269 0.3656631781443358 0.05591397849462362 0.06747347718104425
1 0.1464516129032258 0.3283374248101411 0.05376344086021504 0.08757195974561059
1 0.20612903225806448 0.2422010709619995 0.04408602150537632 0.07608711256585843
1 0.26096774193548383 0.2479434945518756 0.05913978494623655 0.09044317154054866
1 0.0878494623655914 0.2587105387828933 0.04408602150537634 0.06316665948863717
1 0.38354838709677413 0.2170779677562915 0.05268817204301075 0.06029544769369912
