2 0.5287680543755311 0.33769640174183196 0.055225148683092584 0.08785556036568283
2 0.5907901444350041 0.35042909164990194 0.04502973661852169 0.07002979449438491
1 0.6600339847068819 0.3701647610074104 0.039082412914188625 0.07639613944841987
2 0.7976720475785897 0.321143904861341 0.0662701784197111 0.12096055412666476
2 0.8864570943075616 0.34660928467748087 0.06372132540356842 0.1031347882553668
1 0.3507731520815633 0.3567954366039369 0.047578589634664416 0.06239018054954292
2 0.4191673746813933 0.37398456797983143 0.0365335598980459 0.061116911558735894
2 0.2823789294817332 0.35870534009014743 0.043330501274426496 0.0662099875219639
2 0.4697196261682242 0.34406274669586695 0.049277824978759516 0.08785556036568287
2 0.234375531011045 0.35552216761312994 0.039082412914188625 0.06239018054954292
2 0.7169583687340696 0.37334793348442785 0.039082412914188625 0.04711095265985891
2 0.17702633814783347 0.33833303623723543 0.0314358538657604 0.05093075963227989
