1 0.3457751937984496 0.07541528239202659 0.06201550387596901 0.11461794019933555
1 0.491124031007752 0.18588039867109635 0.06395348837209308 0.12624584717607976
1 0.6282364341085271 0.08205980066445184 0.0571705426356589 0.11461794019933555
1 0.6917054263565892 0.22159468438538207 0.05426356589147285 0.12458471760797343
2 0.8467441860465117 0.06378737541528239 0.06007751937984495 0.11461794019933555
0 0.8942248062015504 0.162624584717608 0.04844961240310075 0.11960132890365449
1 0.7154457364341086 0.5156146179401994 0.08430232558139532 0.22093023255813948
1 0.5327906976744186 0.7415282392026578 0.09302325581395347 0.1976744186046512
1 0.4402519379844962 0.5056478405315614 0.07655038759689925 0.12126245847176083
1 0.4121511627906977 0.2739202657807309 0.04554263565891475 0.13289036544850497
1 0.18782945736434112 0.22242524916943524 0.06589147286821707 0.11627906976744186
1 0.13453488372093025 0.19169435215946845 0.05038759689922482 0.10797342192691031
1 0.2823062015503876 0.8021594684385382 0.07461240310077519 0.1860465116279069
1 0.28230620155038766 0.05382059800664452 0.043604651162790685 0.09800664451827243
