0 0.07681992680826635 0.6791887790739685 0.0780353042479908 0.15655985805239536
0 0.3169803028128587 0.6025145921816415 0.057853760045924185 0.11240194937095056
1 0.22638759328358207 0.42106573105424994 0.056956802525832406 0.11079620723707977
1 0.416094108783008 0.7105007506844475 0.06502942020665897 0.15816560018626605
1 0.5302319532146957 0.42789013512320057 0.05561136624569463 0.13086798391046378
0 0.7219566231343283 0.5936830104453524 0.04260548220436289 0.0931330437645019
0 0.7964040973019517 0.5695968784372918 0.05247201492537312 0.08671007522901891
0 0.6952721369115958 0.38252791984135265 0.04753874856486795 0.10116175443385543
1 0.5584861150975888 0.23399677245831085 0.03139351320321471 0.08510433309514827
1 0.4882991891504018 0.23881399885992305 0.03901765212399538 0.07546988029192393
0 0.4452452281859931 0.4864997230094818 0.04260548220436283 0.08108997776047143
0 0.12637682979334097 0.24082117652726145 0.03812069460390355 0.08430146202821287
0 0.291641252870264 0.2259680617889573 0.03229047072330654 0.07707562242579463
