1 0.7656445556946183 0.4212945590994372 0.024405506883604506 0.04521575984990618
0 0.7178347934918647 0.4139774859287054 0.02065081351689612 0.04596622889305816
1 0.6828535669586983 0.43198874296435275 0.015519399249061299 0.030206378986866834
1 0.6619524405506884 0.44540337711069417 0.019023779724655878 0.027392120075046895
1 0.3396745932415519 0.4457786116322702 0.010012515644555695 0.029268292682926817
1 0.22884856070087614 0.46106941838649157 0.01989987484355445 0.041463414634146385
0 0.4755944931163955 0.4119136960600375 0.011764705882352913 0.015572232645403345
2 0.5216520650813516 0.42429643527204497 0.009762202753441817 0.01894934333958723
0 0.4499374217772215 0.4226078799249531 0.008010012515644527 0.02045028142589114
0 0.4591364205256571 0.41763602251407134 0.007634543178973675 0.01801125703564727
