1 0.8822877798507461 0.21959847332981658 0.09597445464982779 0.25677227169764477
1 0.7919193097014925 0.17538089179880226 0.05964767508610791 0.24280882489837713
1 0.5981764853616532 0.2618766872498216 0.0731020378874856 0.1923852670121327
1 0.5051171426521239 0.3572935737114842 0.06009615384615391 0.16911285568001988
1 0.37730069603903554 0.45930431005057865 0.06458094144661308 0.1497191795699258
1 0.2811020020091848 0.32471219784652616 0.0632355051664753 0.1582523970583672
1 0.21069083668197472 0.4170260961305737 0.060544632606199744 0.1380829739038694
1 0.1553037098163031 0.302603407081019 0.06189006888633755 0.1279982623266205
1 0.08668645952927669 0.27390076643807987 0.057405281285878296 0.12179228597139043
1 0.4445725100459242 0.24209513761752569 0.04843570608495984 0.11558630961616037
