1 0.11775000000000001 0.13040651519299207 0.06442307692307692 0.14542841500136874
1 0.2254423076923077 0.1295510539282781 0.07211538461538461 0.14371749247194085
1 0.3316923076923077 0.14152751163427318 0.08653846153846155 0.17109225294278677
1 0.4316923076923077 0.144093895428415 0.09230769230769227 0.17964686558992607
1 0.5379423076923077 0.1475157404872707 0.08749999999999994 0.1728031754722146
1 0.6451538461538462 0.13382836025184777 0.09230769230769227 0.1625376402956474
1 0.7494807692307692 0.14323843416370102 0.08942307692307691 0.17451409800164247
1 0.8552500000000001 0.13382836025184777 0.08173076923076918 0.1659594853545031
1 0.9634230769230769 0.12784013139885025 0.06730769230769237 0.15740487270736378
1 0.11823076923076922 0.39902135231316727 0.07115384615384615 0.10778811935395567
1 0.22111538461538463 0.3699356693128935 0.06153846153846155 0.142006569942513
1 0.33313461538461536 0.3810566657541746 0.07211538461538458 0.13687380235422936
1 0.43746153846153846 0.3913222009307418 0.07692307692307691 0.15740487270736378
1 0.5403461538461538 0.39474404598959756 0.0730769230769231 0.18820147823706543
1 0.649 0.401587736107309 0.08653846153846155 0.15740487270736378
1 0.7523653846153845 0.38961127840131393 0.06826923076923083 0.13003011223651795
1 0.8610192307692307 0.3870448946071721 0.07788461538461536 0.16938133041335884
1 0.9629423076923076 0.39217766219545575 0.0644230769230769 0.14542841500136877
1 0.11967307692307692 0.6308513550506433 0.07788461538461539 0.1608267177662196
1 0.22351923076923078 0.6325622775800711 0.06826923076923075 0.15740487270736378
1 0.3307307692307692 0.6145975910210786 0.06538461538461536 0.14542841500136872
1 0.43986538461538466 0.6548042704626335 0.07980769230769232 0.14713933753079658
1 0.5398653846153846 0.6376950451683547 0.07211538461538464 0.14029564741308506
1 0.6480384615384616 0.6317068163153571 0.075 0.16595948535450314
1 0.7547692307692307 0.6796126471393374 0.06538461538461536 0.11463180947166708
1 0.8590961538461538 0.6496715028743497 0.06634615384615382 0.15398302764850808
1 0.9581346153846154 0.647105119080208 0.07019230769230762 0.15911579523679165
1 0.1206346153846154 0.8823569668765398 0.07403846153846155 0.1779359430604982
1 0.22784615384615384 0.8883451957295373 0.07115384615384614 0.15227210511908024
1 0.32928846153846153 0.8832124281412537 0.07211538461538458 0.18306871064878177
1 0.4336153846153846 0.8738023542294004 0.059615384615384584 0.14713933753079658
1 0.5417884615384616 0.8789351218176841 0.06634615384615387 0.1505611825896523
1 0.6461153846153845 0.8815015056118258 0.08269230769230773 0.18306871064878177
1 0.7494807692307692 0.8746578154941144 0.09134615384615381 0.17622502053107036
1 0.8581346153846152 0.8738023542294003 0.07596153846153846 0.16082671776621948
1 0.9667692307692307 0.8674035039693402 0.06246153846153846 0.15487270736381056
