1 0.35975658740359895 0.7509602298502948 0.10543862467866322 0.18902162407379405
1 0.05072099935732648 0.4541962800544382 0.07280285989717225 0.11568123393316194
1 0.42578125 0.4613791017692424 0.05171513496143959 0.09980341751096325
1 0.7478711439588688 0.4564645395433237 0.059246465295629824 0.10812036897021023
1 0.4820151831619537 0.4194163012248601 0.04368171593830339 0.07334039014063211
1 0.1594232005141388 0.4133676092544987 0.030125321336760935 0.08997429305912594
1 0.23323023778920307 0.4311356419174353 0.03012532133676088 0.06351126568879475
1 0.783268396529563 0.30675941327687883 0.03163158740359895 0.05821866021472857
1 0.6994195854755784 0.3347346136398004 0.032635764781490995 0.06275517919249965
1 0.6492107165809768 0.30449115378799335 0.04066918380462725 0.07031604415545135
