1 0.5933656957928802 0.5081361958156707 0.0920307443365696 0.15953325128766124
1 0.4962783171521035 0.37139340899767537 0.06371359223300974 0.11395232234832947
1 0.41537216828478957 0.4541987632374615 0.08191747572815533 0.13978151541395076
2 0.23889563106796116 0.5339653888812921 0.12338187702265367 0.2537338377622803
2 0.6540453074433656 0.31669629427047724 0.04550970873786409 0.0683713934089977
2 0.843163430420712 0.21945697919990279 0.023260517799352814 0.056216479025175875
0 0.5781957928802588 0.33264961939924337 0.06775889967637537 0.08508440068675265
1 0.17265372168284787 0.2779525046720452 0.01921521035598707 0.03342601455550999
1 0.011852750809061485 0.16627922877068235 0.017192556634304204 0.03190665025753224
1 0.7030946601941748 0.2141392041569807 0.026294498381876964 0.048619657535287214
1 0.7612459546925566 0.2209763434978805 0.023260517799352697 0.03190665025753222
1 0.7324231391585759 0.2498442651594573 0.024271844660194237 0.04710029323730949
1 0.9271035598705502 0.1670389109196712 0.023260517799352697 0.03038728595955452
1 0.8563106796116505 0.13665162496011668 0.015169902912621325 0.03038728595955452
1 0.19894822006472493 0.17691477885652643 0.013147249190938511 0.01975173587371044
2 0.05180016181229773 0.28706869045991157 0.03236245954692556 0.04254220034337632
2 0.8831108414239481 0.14728717504596078 0.016181229773462747 0.027348557363599077
2 0.11096278317152103 0.14804685719494964 0.015169902912621354 0.028867921661576798
2 0.8810881877022653 0.1883100110913594 0.020226537216828433 0.0395034717474209
1 0.7986650485436894 0.15564367868483825 0.01719255663430417 0.03190665025753227
