1 0.16710884353741498 0.38466836734693877 0.036564625850340135 0.07525510204081627
1 0.21727891156462587 0.41974489795918374 0.029761904761904746 0.05357142857142854
1 0.24874149659863948 0.3948724489795919 0.01955782312925171 0.03698979591836732
1 0.3431292517006803 0.4050765306122449 0.028061224489795936 0.04974489795918366
1 0.5718707482993197 0.3961479591836735 0.033163265306122396 0.052295918367346914
1 0.6696598639455783 0.4293112244897959 0.033163265306122396 0.04464285714285715
1 0.6199149659863946 0.4305867346938776 0.01870748299319729 0.03443877551020407
1 0.8023129251700681 0.5052040816326531 0.0433673469387755 0.1096938775510204
1 0.9396428571428571 0.36744897959183676 0.025510204081632726 0.06632653061224489
1 0.3750170068027211 0.40188775510204083 0.013605442176870734 0.030612244897959186
1 0.437091836734694 0.3955102040816327 0.017006802721088454 0.02551020408163268
1 0.0667687074829932 0.4273979591836735 0.01615646258503401 0.033163265306122444
1 0.10673469387755104 0.4280357142857143 0.01955782312925171 0.026785714285714305
