1 0.11695877583237657 0.8176840381203182 0.04529635476463835 0.10758472296933827
1 0.3459071828358209 0.8108596340513676 0.048435706084959784 0.11159907830401507
1 0.5735101535591274 0.7823577111751623 0.05964767508610791 0.08189284882740683
1 0.7262171713547646 0.8967668382134513 0.058302238805970186 0.0939359148314371
1 0.6114066087830079 0.6719629394715502 0.04036308840413316 0.06824404068950565
1 0.4784326564293914 0.5535394570985844 0.04260548220436278 0.0915273016306312
1 0.19409712256027553 0.6153605292526072 0.04888418484500573 0.11079620723707977
1 0.4360514136050516 0.42869300619013584 0.033187428243398376 0.09072443056369575
1 0.6663452568886337 0.32351689642160364 0.03273894948335243 0.07948423562660073
1 0.4941294130309988 0.28538052074217396 0.03542982204362799 0.08189284882740677
1 0.8757848378300803 0.22797523945629566 0.026460246842709534 0.07306126709111785
1 0.7239747775545349 0.38774658177643245 0.036775258323765825 0.07787849349272999
1 0.671278523249139 0.4455532985957784 0.03901765212399544 0.0923301726975665
1 0.9583049296785303 0.7642931121691168 0.041708524684271 0.10357036763466147
1 0.7899011552812858 0.8353472015928962 0.036775258323765714 0.09152730163063111
1 0.053723270665901254 0.4038040031151397 0.033635907003444314 0.08269571989434217
1 0.15440675229621123 0.2315881592575048 0.028702640642939148 0.09313304376450182
1 0.12570411165327208 0.18140871757404475 0.026908725602755465 0.0714555249572471
1 0.286259507749713 0.1705699581704174 0.03677525832376577 0.06744116962257028
1 0.39860343714121693 0.09951586874663795 0.031841991963260596 0.057003845752410603
1 0.33065890499425943 0.6920347161449342 0.03677525832376577 0.08590720416208361
