1 0.015568250605326878 0.33802966101694915 0.03310381355932204 0.07263922518159807
1 0.06995308716707022 0.2960351089588378 0.03783292978208232 0.07339588377723971
1 0.19763922518159807 0.3251664648910412 0.04823698547215499 0.0665859564164649
1 0.24918659200968524 0.3058716707021792 0.03877875302663436 0.06885593220338984
1 0.3607937348668281 0.29338680387409205 0.03215799031476996 0.06658595641646485
1 0.42676490617433416 0.27371368038740923 0.03546837167070216 0.05901937046004844
1 0.4695634079903148 0.26766041162227605 0.03310381355932207 0.06204600484261502
1 0.5589437046004843 0.24798728813559326 0.02742887409200967 0.048426150121065395
1 0.7086202330508475 0.2131809927360775 0.0279017857142857 0.062046004842615
1 0.8398532082324456 0.2559322033898305 0.030266343825665842 0.04766949152542375
1 0.8883266495157385 0.2566888619854722 0.026010139225181583 0.04312953995157387
1 0.9249773002421308 0.22680084745762713 0.025537227602905554 0.03177966101694914
