1 0.6121993030575539 0.2406274393974556 0.019671762589928088 0.04114010844110636
1 0.7344452562949639 0.2427371885482816 0.02248201438848918 0.043249857591932325
1 0.8707424685251798 0.27280111394755163 0.02669739208633093 0.042194983016519326
1 0.9733166591726617 0.26225236819342174 0.016861510791366774 0.05485347792147511
1 0.7080991456834531 0.4927424629211586 0.027399955035971257 0.04114010844110632
1 0.47098415017985606 0.4653157239604211 0.02669739208633093 0.04535960674275825
1 0.3473330710431654 0.4278676765332602 0.021076888489208634 0.03797548471486744
1 0.4959251348920863 0.24906643600075948 0.02177945143884885 0.043249857591932325
1 0.4081047661870503 0.25697799531635684 0.024589703237410054 0.0379754847148674
1 0.2029563848920863 0.26963649022131264 0.016158947841726612 0.03375598641321547
1 0.2746178057553956 0.279657798687736 0.02037432553956836 0.0305913626869765
1 0.10811038669064747 0.31341378510095147 0.021779451438848935 0.0390303592902804
1 0.04277203237410072 0.46162366294647567 0.023184577338129495 0.04219498301651937
1 0.17063848920863306 0.46637059853583407 0.017564073741007186 0.04535960674275825
1 0.0403130620503597 0.41784636806683684 0.025292266187050355 0.0411401084411064
