0 0.06610969387755102 0.4158846309187237 0.08609693877551021 0.2280772611722221
0 0.33492346938775513 0.31610082915587656 0.019132653061224473 0.04514029127366895
2 0.29761479591836737 0.31610082915587656 0.028698979591836746 0.08315316813570599
1 0.7453188775510204 0.5744696015775344 0.09630102040816325 0.276781259651707
1 0.3837117346938776 0.3683685348411775 0.03890306122448976 0.09740799695896987
1 0.49914540816326536 0.3743080468508707 0.050382653061224476 0.0902805825473379
1 0.5807780612244898 0.3398588771946497 0.021045918367346914 0.07364994892019672
1 0.5504846938775511 0.38856287567413467 0.02423469387755098 0.07364994892019672
1 0.6646428571428572 0.3368891211898031 0.022959183673469427 0.05345560808723957
1 0.8636224489795918 0.3250100971704164 0.028061224489795932 0.07008624171438076
1 0.9155994897959184 0.33629516998883374 0.021045918367346986 0.054643510489178225
1 0.8122831632653061 0.36124112042954554 0.028698979591836746 0.06652253450856481
1 0.7242729591836735 0.3279798531752631 0.01977040816326536 0.04989190088142362
1 0.6193622448979592 0.3107552683471526 0.017857142857142846 0.0463281936756076
1 0.6101147959183674 0.37252619324796277 0.023596938775510168 0.043952388871730294
1 0.4181505102040816 0.34342258440046564 0.01594387755102041 0.07364994892019672
1 0.46088010204081636 0.2935306835190421 0.01977040816326536 0.06177092490081013
