0 0.035739795918367345 0.46788171178415083 0.03826530612244899 0.08934155275618691
1 0.1824234693877551 0.3140866102538577 0.02891156462585034 0.06764431851539869
2 0.40053571428571433 0.30770507077127285 0.031462585034013626 0.07274955010146647
2 0.4719642857142857 0.2662250641344718 0.029761904761904746 0.06381539482584778
1 0.40351190476190474 0.1883702824469375 0.030612244897959186 0.038289236895508685
1 0.5701785714285714 0.18198874296435272 0.032312925170068 0.05871016323977995
2 0.93625 0.13157458105193295 0.022959183673469285 0.037012928998991716
0 0.8210289115646259 0.15327181529272121 0.02551020408163268 0.03190769741292389
0 0.7359948979591837 0.16667304820614925 0.022108843537414914 0.03318400530944085
1 0.6088690476190476 0.14306135212058557 0.024659863945578238 0.034460313205957806
1 0.7007057823129251 0.1366798126380008 0.021258503401360544 0.03956554479202562
