1 0.2573594751470004 0.5042841788152655 0.15078179652492862 0.28384576956265045
1 0.28028398026129214 0.1508015804532449 0.02363351042710483 0.04919993339085941
1 0.3105348736079862 0.12468776965348109 0.02363351042710483 0.04238763492135581
1 0.3729273411355429 0.11522624400139272 0.024578850844188982 0.046172245182191124
1 0.41972169178121044 0.10954932861013972 0.021742829592936403 0.045415323130024075
1 0.4688793934695884 0.10992778963622327 0.025524191261273196 0.04617224518219113
1 0.5279631695373503 0.12771545786214936 0.0170161275075154 0.03633225850401927
1 0.57523019039156 0.12430930862739754 0.01985214875876804 0.038603024660520464
1 0.7052144977406364 0.20681381231360793 0.025524191261273196 0.03557533645185221
1 0.7404284282770226 0.2632045052000545 0.026942201886899483 0.056012231860363026
1 0.6827626628348867 0.2715306477738922 0.020324818967310056 0.03633225850401922
1 0.6553477907394453 0.20908457847010914 0.015598116881889052 0.0310338041388498
1 0.5946096689417859 0.19205383229635012 0.021742829592936344 0.03179072619101684
1 0.619188519785975 0.24995836928713083 0.023633510427104768 0.046172245182191124
1 0.5504150044430999 0.24655222005237898 0.025051521052731056 0.0423876349213558
1 0.5345805524569397 0.19432459845285133 0.018906808341683887 0.04390147902568994
1 0.4705337391994857 0.1852415338268465 0.02599686146981527 0.04087379081702165
1 0.4034145695865081 0.1841061507485959 0.026942201886899483 0.040116868764854596
1 0.343621788205933 0.1784292353573429 0.03214157418086256 0.037846102608353416
1 0.30368115558412584 0.2647183493043886 0.027887542303983635 0.04087379081702163
1 0.3580382295664669 0.2544999016001332 0.020324818967310115 0.040116868764854596
1 0.4237393885538182 0.22308763643519988 0.020324818967310115 0.04995685544302647
1 0.491567563479609 0.26509681033047217 0.02836021251252577 0.041630712869188714
1 0.7000151254466733 0.4130750715291339 0.020797489175852193 0.0423876349213558
1 0.6052447486339831 0.39339509817279017 0.028832882721067786 0.0348184143996851
1 0.5546690363199789 0.39528740330320783 0.024106180635646905 0.03860302466052042
1 0.4648616966969806 0.4058843120335468 0.023160840218562694 0.02800611593018149
1 0.40435991000359234 0.3839335725207018 0.02127015938439433 0.03406149234751801
1 0.3334593787222779 0.37787819610336526 0.03355958480648879 0.041630712869188714
