1 0.11370155038759691 0.14149132521225544 0.12887596899224807 0.23440383905500187
1 0.29344961240310075 0.15071982281284607 0.10658914728682169 0.20118124769287563
1 0.49451550387596904 0.13318567737172388 0.08817829457364346 0.18087855297157623
1 0.7047868217054265 0.13595422665190107 0.15213178294573643 0.2676264304171281
1 0.8893798449612403 0.13503137689184203 0.131782945736434 0.24363233665559247
1 0.10062015503875969 0.5650793650793651 0.11821705426356592 0.25839793281653745
1 0.3099224806201551 0.5715393133997785 0.12596899224806204 0.28977482465854565
1 0.5105038759689924 0.5789221114802511 0.11046511627906977 0.20856404577334814
1 0.6863759689922482 0.5650793650793651 0.12306201550387594 0.2842377260981912
1 0.8976162790697675 0.577999261720192 0.13468992248062014 0.2990033222591363
