1 0.09440271529562981 0.8549221230908817 0.04870260282776348 0.08694994707394514
1 0.2799244858611825 0.6779978829578104 0.04317962724935731 0.08543777408135494
1 0.4102165006426735 0.7604113110539846 0.049706780205655554 0.08392560108876465
1 0.5337303181233933 0.6961439588688946 0.04870260282776351 0.07787690911840314
1 0.589713206940874 0.5895357628912747 0.042175449871465265 0.08090125510358381
1 0.6702984415167095 0.8216543172538939 0.04870260282776351 0.09451081203689703
1 0.7616785829048843 0.8908362316649024 0.04870260282776351 0.08619386057765022
1 0.8282053341902313 0.717692424013307 0.0451879820051414 0.08770603357024041
1 0.7702140906169666 0.6039014063208831 0.044685893316195324 0.07787690911840314
1 0.7360720597686375 0.5294268864358082 0.034644119537275087 0.054438227733252666
1 0.49707784383033415 0.4318917284137305 0.039665006426735205 0.07560864962951759
1 0.42778960475578404 0.5301829729321034 0.04569007069408737 0.081657341599879
1 0.34845959190231357 0.4587327990322092 0.043681715938303334 0.08694994707394522
1 0.3208447140102828 0.5434144866172691 0.02761487789203082 0.0748525631332224
1 0.3697983611825193 0.5524875245728111 0.038158740359897136 0.08543777408135486
1 0.2372469473007712 0.45570845304702856 0.04016709511568123 0.08543777408135494
1 0.29247670308483287 0.3921971873582338 0.03715456298200509 0.06880387116286102
1 0.393396529562982 0.33057613791017687 0.037154562982005146 0.05746257371843338
1 0.3125602506426735 0.3154544079842734 0.020083547557840586 0.049901708755481625
1 0.1692139299485861 0.3370028731286859 0.03765665167095117 0.06275517919249965
1 0.13406772172236503 0.23190685014365642 0.03363994215938304 0.07334039014063211
1 0.07155767994858611 0.17293210343263268 0.0361503856041131 0.05973083320731894
1 0.656742046915167 0.3498563435657039 0.034644119537274976 0.07182821714804173
1 0.7993352345758354 0.26517465598064416 0.03665247429305918 0.05065779525177681
1 0.819669826478149 0.10488431876606684 0.03414203084832901 0.06577952517768032
1 0.7280386407455013 0.08371389686980191 0.027614877892030876 0.04612127627400575
1 0.6685411311053984 0.051580220777256915 0.0361503856041131 0.04536518977771056
1 0.5924746947300771 0.040995009829124456 0.03765665167095111 0.042340843792529864
1 0.4343167577120822 0.08295781037350673 0.031631587403599004 0.04763344926659611
1 0.33917095115681234 0.03116588537728716 0.030125321336760935 0.05141388174807197
1 0.23850216902313623 0.12038409194011795 0.031631587403599004 0.060486919703614084
1 0.07356603470437018 0.06556782095871767 0.031129498714652967 0.03704823831846363
