1 0.0830195177956372 0.4240232038189618 0.031509121061359856 0.07637923741615808
0 0.16325934430412042 0.35308236147199223 0.03355019772930221 0.08435555018430119
0 0.22449115044247786 0.44142058686539354 0.035029498525073755 0.07335817419655331
0 0.32416666666666666 0.3627368421052632 0.03033333333333328 0.07494736842105262
1 0.3912777777777778 0.4816842105263158 0.04544444444444448 0.08210526315789474
1 0.5303854611305135 0.5693058023405428 0.044237485448195585 0.07475032167146621
1 0.5880555555555556 0.4009473684210526 0.04188888888888894 0.08778947368421056
1 0.775503667919127 0.44606831087380283 0.024512435140454474 0.07797270955165692
0 0.7418661656825908 0.35063649461818797 0.03632134550008939 0.0688193914738537
0 0.8153229337712095 0.42646616541353377 0.04337712096332792 0.06896551724137931
0 0.8929444444444444 0.3763157894736842 0.040333333333333284 0.0722105263157895
0 0.9505555555555556 0.5633684210526316 0.03911111111111116 0.07452631578947369
