1 0.5357851239669422 0.7472830578512397 0.030303030303030217 0.05165289256198349
0 0.6707713498622591 0.7323037190082644 0.039944903581267115 0.06921487603305777
1 0.2850964187327824 0.690464876033058 0.017906336088154264 0.033057851239669415
1 0.18420110192837466 0.6940805785123968 0.01997245179063365 0.036157024793388504
1 0.038539944903581286 0.6925309917355372 0.01239669421487605 0.02892561983471069
1 0.15079889807162533 0.6186673553719009 0.012396694214876002 0.021694214876033086
1 0.16663911845730034 0.6517252066115703 0.009641873278236896 0.021694214876033017
1 0.1341014234875445 0.7096040925266904 0.012455516014234861 0.02313167259786468
1 0.19845492289442468 0.6121841637010677 0.0065243179122182705 0.01690391459074732
1 0.22069691577698697 0.5917215302491103 0.007117437722419927 0.01245551601423486
1 0.08768979833926455 0.6253069395017794 0.007413997627520755 0.01645907473309606
1 0.41761269276393836 0.6070685053380782 0.011269276393831547 0.01912811387900355
1 0.4575 0.6028425266903915 0.0080071174377224 0.01512455516014235
1 0.06515124555160143 0.662673487544484 0.012158956109134044 0.03158362989323834
1 0.20987247924080665 0.6938122775800712 0.017497034400948977 0.0342526690391459
1 0.45809311981020173 0.6831361209964414 0.014531435349940695 0.02713523131672602
1 0.6044454329774614 0.7536432384341637 0.014827995255041535 0.02758007117437728
0 0.6253529062870701 0.684470640569395 0.013938315539739109 0.02268683274021356
0 0.5980693950177937 0.704488434163701 0.010972716488730801 0.02001779359430614
0 0.7669602609727165 0.6617838078291814 0.0094899169632266 0.02001779359430614
1 0.8913671411625149 0.7229492882562277 0.019869513641755626 0.0382562277580071
1 0.7319661921708186 0.6628959074733095 0.0160142348754448 0.02135231316725978
1 0.7376008303677343 0.5939457295373666 0.008303677342823241 0.01868327402135229
1 0.7187692763938316 0.4958585409252669 0.00860023724792408 0.01379003558718864
1 0.9426720047449586 0.6335364768683274 0.012158956109134162 0.02135231316725978
1 0.9772212336892053 0.6088478647686832 0.011862396204033227 0.020017793594306072
1 0.8949258600237248 0.5879403914590747 0.010379596678529121 0.01467971530249109
1 0.9038226571767496 0.5499065836298932 0.00741399762752072 0.01334519572953738
1 0.49842526690391464 0.7291770462633451 0.012158956109134068 0.024021352313167342
1 0.05337912087912088 0.578282967032967 0.010989010989010986 0.015659340659340656
1 0.34532051282051285 0.6358379120879122 0.010989010989010999 0.01758241758241752
1 0.3210531135531136 0.5086401098901099 0.006043956043956058 0.014285714285714306
0 0.5346062271062272 0.614684065934066 0.00714285714285713 0.014285714285714235
1 0.645320512820513 0.5671565934065934 0.00989010989010988 0.012637362637362629
1 0.6787454212454214 0.6227884615384616 0.014468864468864525 0.02060439560439555
1 0.6078663003663004 0.6157829670329671 0.014468864468864525 0.014835164835164819
1 0.49706043956043955 0.5824038461538461 0.007509157509157471 0.015109890109890145
1 0.4516391941391942 0.5714148351648352 0.010439560439560486 0.017307692307692264
0 0.34202380952380956 0.7789697802197801 0.0128205128205128 0.026373626373626422
1 0.45576007326007334 0.6347390109890111 0.00879120879120876 0.01703296703296708
1 0.8541435185185186 0.6638541666666666 0.010416666666666668 0.026041666666666713
1 0.8776388888888889 0.6296527777777777 0.008796296296296191 0.022222222222222216
1 0.8961574074074075 0.6171527777777778 0.012037037037036954 0.016666666666666642
1 0.8029861111111111 0.6704513888888889 0.013194444444444477 0.02118055555555557
0 0.7783333333333334 0.5966666666666667 0.011111111111111143 0.01805555555555557
1 0.8353935185185185 0.5680208333333333 0.007638888888888857 0.015625
1 0.7753030303030303 0.7553787878787879 0.01792929292929292 0.029924242424242492
1 0.9123969072164949 0.6405025773195877 0.012027491408934643 0.018041237113402032
1 0.938384879725086 0.5676932989690723 0.009879725085910802 0.019329896907216478
1 0.9233744667885435 0.49395109689213895 0.0071602681291894526 0.010968921389396655
