1 0.3045374733285917 0.8095774946278864 0.05334281650071121 0.08020338367482839
1 0.35565767247510666 0.5939363215399049 0.03889580369843526 0.08928301201537484
1 0.5509701724751066 0.4698480675524348 0.033894914651493635 0.06355739838382618
1 0.5034617265291608 0.3760252413667868 0.03778449502133718 0.06961048394419056
1 0.3889969327880512 0.38623982324990164 0.042229729729729715 0.07944674797978274
1 0.3978874022048364 0.4940604097938924 0.04000711237553345 0.06658394116400834
1 0.44706281116642954 0.2992267183196634 0.04278538406827881 0.06734057685905391
1 0.571807210170697 0.2220498774250174 0.04889758179231862 0.06734057685905391
1 0.6168152115931721 0.11763415150873158 0.03445056899004273 0.0749069338095094
1 0.7337804498577525 0.26933960836536425 0.045008001422475075 0.05296449865318844
1 0.8974206525604551 0.5296222874610332 0.04556365576102417 0.0862564692351926
1 0.6354296319345661 0.44109591114070396 0.04167407539118062 0.06355739838382618
1 0.7482274626600285 0.15206107563330407 0.033894914651493635 0.07869011228473714
