1 0.8478547008547009 0.16869770243083587 0.05897435897435901 0.08585450864311434
2 0.47819658119658126 0.19752944040800116 0.052991452991453004 0.08969874037340306
1 0.6444358974358975 0.19176309281256806 0.03162393162393164 0.06278911826138216
0 0.7234957264957266 0.15460218608644397 0.03418803418803418 0.05766347595433051
0 0.602982905982906 0.21482848319430028 0.035897435897435916 0.05253783364727893
1 0.7076837606837607 0.2904317072233114 0.02991452991452991 0.05510065480080476
0 0.3636666666666667 0.24558233703660992 0.035897435897435916 0.05766347595433051
0 0.1982820512820513 0.29299452837683726 0.04871794871794873 0.08072886633606273
2 0.1153760683760684 0.2795397173208268 0.043589743589743594 0.08201027691282564
0 0.019649572649572653 0.19817014569638258 0.03162393162393163 0.060226297107856326
1 0.09101709401709403 0.2084214303104858 0.03760683760683762 0.060226297107856326
