1 0.6103708791208792 0.3792136568872029 0.07005494505494511 0.12885800878296189
1 0.612087912087912 0.24674762385831803 0.03228021978021971 0.06803702863740387
1 0.42802197802197806 0.378698224852071 0.04739010989010993 0.08659258190215034
1 0.47060439560439554 0.43230315650578316 0.0432692307692308 0.08865431004267775
1 0.36826923076923074 0.42508710801393723 0.035027472527472556 0.09896295074531475
1 0.3555631868131869 0.294167371090448 0.034340659340659344 0.051543203513184754
1 0.40364010989010984 0.2993216914417665 0.03434065934065941 0.0721604849184587
1 0.23983516483516482 0.28076613817701995 0.036401098901098834 0.07216048491845864
1 0.28344780219780213 0.37869822485207094 0.026098901098901096 0.06803702863740387
1 0.157760989010989 0.3879760014844443 0.06181318681318679 0.09690122260478734
1 0.11895604395604395 0.24468589571779067 0.05563186813186818 0.06803702863740387
1 0.2391483516483516 0.19468898831000145 0.046016483516483506 0.044327155021338875
1 0.7745192307692307 0.3704513122899614 0.03296703296703285 0.06597530049687651
1 0.8775412087912088 0.4426117972084201 0.06593406593406599 0.11958023215058868
1 0.9694574175824175 0.47742407686122507 0.05608516483516482 0.15209368492670558
1 0.5056318681318681 0.26221058491227345 0.01991758241758234 0.03504937838896559
1 0.5667582417582417 0.21942972599633012 0.02815934065934073 0.03195678617817455
1 0.5444368131868131 0.23901614333134036 0.017857142857142776 0.02989505803764717
1 0.6553571428571427 0.20963651732882502 0.018543956043956058 0.032987650248438256
1 0.6811126373626374 0.2194297259963301 0.02060439560439562 0.03608024245922929
1 0.6993131868131869 0.17922602725604603 0.015796703296703213 0.029895058037647144
1 0.7491071428571427 0.16994825062367275 0.015109890109890074 0.02370987361606497
1 0.8140109890109889 0.2116982454693524 0.015796703296703213 0.028864193967383465
1 0.8397664835164835 0.20138960476671547 0.016483516483516498 0.02267900954580129
1 0.9228708791208792 0.2080902212234295 0.019230769230769197 0.03401851431870193
1 0.9530906593406593 0.20654392511803393 0.019230769230769197 0.028864193967383465
1 0.9400412087912088 0.17046368265880463 0.009615384615384527 0.020617281405273906
1 0.8871565934065933 0.18695750778302372 0.019230769230769197 0.03092592210791085
1 0.792032967032967 0.16891738655340907 0.008928571428571388 0.013401232913428054
1 0.7305631868131869 0.17200997876420013 0.01098901098901095 0.019586417335010202
1 0.8960851648351649 0.3451951425685009 0.04670329670329665 0.06082098014555802
