0 0.07932566884366958 0.2749145053415246 0.032385167593242295 0.07263263020912145
0 0.15691513286914593 0.31123082044608535 0.03193537359889169 0.06355355143298123
0 0.1776056566092729 0.29269436794479914 0.0247386696892823 0.050691523166782694
0 0.2761105413720516 0.39975183851345214 0.02833702164408697 0.06355355143298123
0 0.3467281984850938 0.43228520412795446 0.03193537359889172 0.043882214084677594
0 0.4180205465896619 0.43228520412795446 0.02788722764973643 0.0348031353085373
0 0.4800921178100429 0.44476893744514717 0.02428887569493173 0.058257422146899565
0 0.5671272557168816 0.41261386677965073 0.029236609632788256 0.03631631510456068
0 0.6105323761717133 0.407317737493569 0.04048145949155279 0.05144811306479434
0 0.6480901746999874 0.3955905940743879 0.022939493711879953 0.050691523166782736
0 0.6694553894316402 0.4179099960657325 0.028786815638437564 0.04993493326877096
0 0.7295028876774436 0.41374875162666824 0.022939493711879953 0.04009926459461914
0 0.8034939997481153 0.4141270465756741 0.023389287706230544 0.05296129286081772
0 0.8747863478526835 0.41072239203462146 0.03103578561019053 0.0552310625548528
0 0.9397815800363433 0.404669672850528 0.02518846368363282 0.04615198377871259
0 0.9377575070617655 0.24313772962503402 0.02743743365538588 0.046908573676724276
0 0.8981756355589141 0.28323699421965315 0.03373454957629399 0.05296129286081768
0 0.8597182490419387 0.24427261447205156 0.031485579604541125 0.04463880398268925
0 0.8322808153865529 0.2964773174348576 0.02698763966103529 0.05674424235087614
0 0.8129396736294776 0.26659201646339614 0.031485579604541125 0.04085585449263079
0 0.7465950594627659 0.2522168084011742 0.022939493711879953 0.04539539388070089
0 0.6858728702254367 0.29080289319977 0.02563825767798351 0.04236903428865417
0 0.6339216638779438 0.30253003661895106 0.02248969971752936 0.050691523166782694
0 0.585793706482431 0.3354416971824592 0.028786815638437564 0.06052719184093451
0 0.43376333639193243 0.31085252549707953 0.020690523740126986 0.037072905002572376
0 0.4459077742393983 0.3660835880519323 0.02248969971752941 0.058257422146899523
