1 0.8648885091145834 0.3276251526251526 0.13936360677083326 0.20909645909645916
1 0.5286865234375 0.26886446886446885 0.08951822916666663 0.17399267399267399
1 0.11161295572916667 0.2642857142857143 0.07731119791666666 0.1526251526251526
1 0.43255615234375 0.18949938949938952 0.0335693359375 0.06715506715506715
0 0.33184814453125 0.22612942612942613 0.0396728515625 0.08852258852258856
0 0.05261230468750001 0.1956043956043956 0.03255208333333333 0.06715506715506717
0 0.25250244140625 0.10479242979242981 0.0457763671875 0.08089133089133088
0 0.33388264973958337 0.08571428571428572 0.031534830729166685 0.0641025641025641
0 0.19858805338541669 0.021611721611721618 0.0274658203125 0.03968253968253969
2 0.65838623046875 0.05137362637362637 0.02950032552083337 0.05647130647130648
1 0.5388590494791667 0.06282051282051282 0.03458658854166663 0.057997557997558
