1 0.31975907946781734 0.38437910585561585 0.06485334155237066 0.09765278221654058
1 0.5282672100363578 0.4555472698649432 0.06559058159201994 0.09252354517082333
1 0.6388056521102188 0.29282551256202755 0.06625647582138058 0.08838069986466703
1 0.3308355165151282 0.20793828344163914 0.06260594852827861 0.07412733922801036
1 0.07078003801304772 0.310695642910408 0.09214311398777418 0.08344874116686195
1 0.5090825676697789 0.22104793986302895 0.04494786048184106 0.06857123265362096
0 0.43623603516472614 0.2744049302716278 0.03812818509838931 0.06299982000051428
1 0.7744299371349924 0.2786906323124791 0.04556783097124577 0.06814266244953583
1 0.9029188210641174 0.2377621778223491 0.0477377276841624 0.06428553061276966
1 0.685962661690817 0.807297230116022 0.17687590503124484 0.14779880551692634
