1 0.14047021943573668 0.19553228232410452 0.0407523510971787 0.08690323658849092
1 0.2762068965517241 0.2094590830594396 0.0238244514106583 0.09693053311793215
1 0.4138244514106583 0.19998885855941176 0.04200626959247648 0.069076931647262
1 0.599717868338558 0.135368503147457 0.033855799373040805 0.08467494847083727
1 0.5000313479623825 0.12924071082390953 0.02633228840125391 0.0857890925296641
1 0.45050156739811914 0.12255584647094869 0.03260188087774292 0.06573449947078158
1 0.8470532915360501 0.38660798841290184 0.04576802507836988 0.07019107570608878
0 0.9153918495297806 0.28187844688318203 0.028213166144200635 0.08801738064731769
1 0.8307523510971787 0.14428165561807144 0.028213166144200635 0.06907693164726202
1 0.7542633228840125 0.17826304941228902 0.03573667711598753 0.059049635117820735
1 0.6595924764890282 0.1704640410005014 0.030721003134796195 0.05459305888251353
