0 0.7506382596188421 0.2868467782851344 0.054386911183027645 0.12578217486893284
0 0.710185185185185 0.2107432775240994 0.034609852571017626 0.12155420260443092
0 0.6461344839985615 0.15366565195332318 0.05034160373966198 0.12578217486893284
0 0.5841064365336209 0.13833925249450363 0.042250988852930556 0.11838322340605445
0 0.4737594390507011 0.1013444951801116 0.044498381877022576 0.11838322340605444
0 0.5362369651204603 0.27997632335531875 0.04539733908665945 0.10992727887705057
0 0.6557982740021574 0.3735202097074243 0.044498381877022576 0.11309825807542702
0 0.6135472851492269 0.5643074581430745 0.04899316792520673 0.13106714019956017
0 0.5937702265372168 0.7598511753762894 0.052588996763754 0.06764755623203109
0 0.4948849334771664 0.6340690005073565 0.047195253505933094 0.12683916793505845
0 0.40139338367493704 0.6562658548959919 0.04629629629629633 0.1331811263318112
0 0.4200467457749011 0.3671782513106714 0.03775620280474646 0.09618636901741928
0 0.3431859043509528 0.2324116353796719 0.03236245954692555 0.12049720953830544
0 0.27037037037037037 0.17956198207339757 0.032362459546925605 0.11838322340605442
0 0.22384933477166483 0.4126289531540673 0.04359942466738581 0.11521224420767799
0 0.3164419273642574 0.44909521393539653 0.05348795397339088 0.11204126500930153
0 0.2222761596548004 0.6213850837138507 0.04404890327220425 0.12049720953830541
0 0.27037037037037037 0.7942034500253677 0.04135203164329379 0.14058007779468953
0 0.31621718806184823 0.8888043294435988 0.04225098885293061 0.16911889058007779
