0 0.49380976775956287 0.1461416590771099 0.116152237021858 0.2771611262902246
1 0.7399942366803278 0.3046448087431694 0.10085809426229508 0.23907103825136605
0 0.8494599556010929 0.19911676533090467 0.04201886953551914 0.09152056769884634
1 0.6173049009562841 0.13726187765634487 0.06447447062841538 0.1526164996964178
1 0.3032893613387978 0.15636858682452948 0.050322318989071024 0.11897578931390394
0 0.10362768954918034 0.2676457194899818 0.08324795081967214 0.1878415300546447
0 0.03959080430327869 0.483948087431694 0.060835040983606564 0.1593806921675773
0 0.033187115778688527 0.15380236794171223 0.06403688524590163 0.17645719489981795
0 0.16817153346994534 0.23560355950212508 0.03100452527322403 0.08116082270795398
1 0.3759765625 0.28559027777777773 0.044921875 0.10243055555555555
1 0.38916015625 0.1970486111111111 0.0419921875 0.07465277777777778
1 0.3408203125 0.19965277777777776 0.033203125 0.09722222222222221
