1 0.32983870967741935 0.31950604838709684 0.04704301075268814 0.08971774193548386
1 0.10571236559139784 0.3285786290322581 0.04368279569892472 0.09778225806451611
1 0.6601478494623656 0.2554939516129032 0.06653225806451613 0.13306451612903225
1 0.1793010752688172 0.3714213709677419 0.0282258064516129 0.056451612903225805
1 0.7995967741935482 0.37394153225806454 0.029569892473118267 0.04536290322580645
1 0.873521505376344 0.3653729838709678 0.0336021505376344 0.056451612903225805
1 0.9534946236559139 0.3930947580645161 0.029569892473118267 0.04536290322580641
1 0.4733198924731183 0.36335685483870966 0.024865591397849465 0.04435483870967741
1 0.25927419354838704 0.34269153225806454 0.0336021505376344 0.061491935483870996
1 0.13998655913978494 0.33563508064516134 0.0168010752688172 0.0372983870967742
