1 0.5458072791406124 0.5656565656565656 0.1026134359467693 0.2077269873880043
1 0.1860189193522527 0.5034526051475204 0.11030944364277698 0.19973748787308107
1 0.04396344396344396 0.2677623694572847 0.09171075837742504 0.13468013468013465
1 0.7798941798941799 0.6193003481139073 0.08465608465608472 0.1848998459167951
1 0.9370210036876704 0.5610911373623239 0.11159211159211152 0.24653312788906012
1 0.4640371973705306 0.4035838612109798 0.059644059644059624 0.16663813273982767
1 0.2693923360590027 0.4418193231752554 0.04874138207471544 0.15408320493066252
1 0.7645021645021645 0.35678822119500087 0.06028539361872695 0.1209838497974091
1 0.7144781144781145 0.22724419334588825 0.03976270642937305 0.13810420590081607
1 0.6541927208593875 0.21583062261028363 0.057720057720057734 0.14495234834217888
