1 0.5115254532775454 0.254571129707113 0.04062064156206418 0.08682008368200839
1 0.6769949494949495 0.25755471380471384 0.03406565656565666 0.07581649831649832
1 0.8128240740740742 0.21601851851851853 0.04018518518518514 0.09740740740740743
1 0.7325462962962963 0.25527777777777777 0.021481481481481525 0.08333333333333334
1 0.9136574074074075 0.19564814814814815 0.03666666666666667 0.08111111111111112
1 0.9654166666666667 0.36250000000000004 0.03981481481481486 0.06592592592592592
0 0.9467129629629631 0.21668771043771046 0.027592592592592575 0.07652356902356902
1 0.5670833333333334 0.2128703703703704 0.04055555555555562 0.07925925925925927
1 0.45469142259414225 0.18623082287308226 0.04306136680613672 0.0686889818688982
1 0.3987290794979079 0.27810669456066944 0.035041841004184136 0.07461645746164573
1 0.3230482456140351 0.2683974358974359 0.03761808367071524 0.07624831309041834
1 0.2543910256410256 0.31934210526315787 0.033232118758434556 0.07557354925775978
1 0.2901106770833334 0.09958984375 0.035481770833333336 0.0830078125
1 0.3531734335542929 0.14977055713383838 0.039536971275252505 0.07399423926767677
1 0.13837099125364433 0.21053692905733723 0.040694849368318776 0.08454810495626824
1 0.07617468415937803 0.2305806608357629 0.032191448007774535 0.07410106899902817
1 0.17584669582118562 0.25147473275024296 0.02988338192419825 0.052235179786200236
1 0.019604018912529553 0.3017671394799055 0.039745862884160765 0.09988179669030733
1 0.4951694915254238 0.10527542372881357 0.02895480225988706 0.05685028248587571
