0 0.828218839983546 0.3559646236116824 0.03427944604415206 0.09049773755656106
0 0.6657342657342658 0.3564788153023447 0.03153709036061982 0.08535582064993831
0 0.589291101055807 0.37241875771287536 0.03222267928150285 0.08432743726861376
0 0.4600575894693542 0.3353969559851913 0.0438776909365144 0.0946112710818593
0 0.3606471959413136 0.3405388728918141 0.030165912518853755 0.0761003702180173
0 0.26603592485945426 0.35699300699300696 0.03976415741121621 0.07198683669271902
0 0.16731112025229672 0.33796791443850266 0.03702180172768408 0.07095845331139447
0 0.14914301384889622 0.27266556972439326 0.030851501439736733 0.0761003702180173
0 0.07887014945838479 0.3107157548334019 0.047991224461812705 0.08227067050596462
0 0.9841354723707665 0.39467297408473884 0.02388591800356496 0.07535993418346357
