1 0.2698512427238289 0.3989203276247208 0.03801428175446469 0.06495461098525057
1 0.3646229590422512 0.4082278481012659 0.031150591993241907 0.05822151106604778
1 0.5202439249745912 0.39951442467641507 0.030886603925502527 0.05267660525023369
1 0.5651218964902787 0.449220544668177 0.02877469938358787 0.05544905815814066
1 0.5025567244360555 0.3581256634083744 0.012407439183748897 0.04277498772199422
1 0.4864534523039558 0.38208757782671376 0.015575295996620882 0.026536334975681593
1 0.5958765063819115 0.405257362842794 0.02745475904489121 0.040398599515216814
1 0.6869523897519833 0.4313976331173461 0.03009463972228453 0.04673563473329004
1 0.7612650308206068 0.419317659732894 0.02666279484167312 0.056637252261529436
1 0.8764958223888281 0.4961542117520318 0.0290386874513273 0.043963181825382995
