1 0.21574050240716908 0.31267813267813266 0.037942704609371276 0.053872053872053856
1 0.3886083213773314 0.3624703273770706 0.03607296577167452 0.047215338463545066
1 0.4624222500296653 0.38175169729462566 0.024378557584779702 0.04769277765955254
1 0.5412275772638858 0.429071654517948 0.028528204019883215 0.05198734699491132
1 0.604191340681507 0.440624398294595 0.03313882285137966 0.05748865355521941
1 0.8389726964916072 0.20764406546554806 0.033571068366832366 0.04208499518635676
1 0.9401181471075571 0.09486728097923257 0.03126575895108425 0.04098473387429514
1 0.6317109718320005 0.19911704029707053 0.022188603126575928 0.04593590977857239
1 0.5092997053905566 0.17677938312980912 0.029276102510436452 0.055723530391099466
1 0.41566025502485415 0.1779370100398845 0.032994741012895366 0.037683949938110285
