1 0.16138248381877024 0.2814687903208749 0.06636832524271846 0.12585400934915497
1 0.4012565736245955 0.34756858514711175 0.08722694174757284 0.1374875732385727
1 0.4856391585760518 0.30367832138249046 0.04993426375404536 0.11104765530807795
1 0.6360740291262137 0.2983903377963915 0.05625505663430419 0.1025868815703196
1 0.8414997977346279 0.29574634600334204 0.04867010517799353 0.13960276667301225
1 0.6613572006472492 0.5686062990460478 0.05119842233009708 0.11633563889417689
1 0.9299908980582525 0.285699177189754 0.03982099514563109 0.11104765530807795
1 0.6882205703883495 0.11807009751041733 0.03033980582524276 0.08037735050870402
1 0.909448321197411 0.14821160395118135 0.032868122977346204 0.09835649470144048
1 0.38292627427184467 0.12653087124817566 0.02781148867313915 0.06557099646762696
