0 0.5079087579087579 0.2758815173796791 0.033300033300033276 0.07624498663101603
0 0.6046869796869797 0.26543699866310155 0.029831279831279908 0.06371156417112299
0 0.6948745698745699 0.2952038770053476 0.028443778443778392 0.05640040106951873
0 0.7895715395715396 0.2925927473262032 0.033300033300033276 0.0616226604278075
0 0.8617216117216118 0.5928726604278074 0.04023754023754029 0.06266711229946519
0 0.7319902319902319 0.5808614639037434 0.033300033300033276 0.06371156417112293
0 0.5745088245088245 0.5813836898395721 0.03746253746253754 0.06266711229946519
0 0.4541430791430791 0.5719836229946523 0.03260628260628252 0.06684491978609618
0 0.3025585525585525 0.5714613970588235 0.04023754023754022 0.05744485294117647
0 0.4100899100899101 0.27640374331550804 0.027750027750027776 0.06266711229946524
0 0.3157398157398157 0.28267045454545453 0.030525030525030524 0.06684491978609627
0 0.21098346098346096 0.26543699866310155 0.041625041625041596 0.07206717914438505
0 0.09582084582084581 0.2774481951871658 0.041625041625041596 0.07311163101604279
0 0.16276778776778777 0.573550300802139 0.043706293706293656 0.06788937165775402
