1 0.2685039569805195 0.3669844113193867 0.04121854707792208 0.0991619218220203
1 0.25296773538961037 0.23210287249696115 0.03043831168831168 0.0767705201202738
1 0.3087713068181818 0.18838632631736077 0.03170657467532467 0.07890303456805918
1 0.3515751826298701 0.11481457786876505 0.028535917207792194 0.05544537564241997
1 0.4447925121753247 0.1046851342417845 0.025999391233766267 0.05437911841852729
1 0.4619140625 0.1851875546456827 0.028535917207792194 0.06610794788134688
1 0.39025720373376627 0.2347685155566929 0.03487723214285715 0.060776661761883455
1 0.4409877232142857 0.32913227987119614 0.048828125 0.08316806346362997
1 0.5218394886363636 0.22570532915360503 0.03170657467532467 0.07890303456805921
1 0.5414975649350648 0.1340072078988335 0.02029220779220775 0.055445375642419976
1 0.5957158076298701 0.16599492461561427 0.023462865259740284 0.07037297677691765
1 0.6705433238636364 0.09242317616701853 0.02980418019480524 0.06397543343356152
1 0.7916624391233766 0.14040475124218968 0.02726765422077926 0.05757789009020534
1 0.8227348823051948 0.22623845776555138 0.02980418019480524 0.06930671955302498
1 0.9156351461038961 0.30407523510971785 0.04946225649350655 0.09276437847866419
1 0.6578606939935066 0.2678224894973663 0.02853591720779225 0.07783677734416648
1 0.6318613027597403 0.3563218390804598 0.04629159902597402 0.09276437847866419
