1 0.09823376623376623 0.5476753349093775 0.12597402597402596 0.22105554020447643
1 0.3108961038961039 0.4867827208252741 0.08896103896103892 0.14634695485759314
1 0.47258441558441555 0.3767666533623981 0.06818181818181819 0.09824690675754508
1 0.7638181818181817 0.35936876362408277 0.07142857142857145 0.09415328564264731
1 0.4196623376623377 0.2687973964569709 0.03506493506493507 0.09312988036392293
0 0.34596103896103897 0.2652154779814354 0.016233766233766232 0.07982561174050537
1 0.612844155844156 0.3230378762293656 0.04090909090909088 0.07061496423198549
1 0.5647922077922078 0.300011257458066 0.04220779220779218 0.07368518006815877
0 0.7453116883116884 0.20278775597924534 0.04090909090909088 0.05321707449367025
1 0.9634935064935064 0.2933591231463572 0.0422077922077923 0.05014685865749695
1 0.8751818181818183 0.23911864337396252 0.029220779220779265 0.052193669214945816
1 0.8258311688311687 0.23809523809523808 0.029220779220779265 0.04400642698515041
