1 0.7119642412370163 0.5486830035381994 0.03702432161345271 0.07257845024848039
1 0.8176518502063264 0.5663235990847051 0.034331643677928764 0.07761862040462487
1 0.6281546404938371 0.5416267653195972 0.030965796258524032 0.06451417799864928
1 0.6278180557518966 0.35312440147979396 0.035677982645690734 0.06249810993619145
1 0.7082618090756709 0.35665252058909513 0.030965796258524032 0.049393667530215846
1 0.7587495203667427 0.3929417457133353 0.03231213522628588 0.059474007842504784
1 0.8257298840128979 0.3395159420582039 0.031638965742404955 0.059474007842504784
1 0.9209833659820532 0.4267108857595032 0.028273118323000092 0.06451417799864922
1 0.20001884874554865 0.2744977470439402 0.03635115212957166 0.06653024606110705
1 0.3255649574893471 0.32590748263661384 0.034331643677928764 0.05241776962390251
1 0.41442332936163334 0.3435480781831195 0.034331643677928764 0.0534258036551314
1 0.5194377688470626 0.3349797889176739 0.027599948839119173 0.048385633498986905
1 0.032736232001130926 0.2513129643256757 0.020868254000309658 0.048385633498986905
0 0.11250681584102429 0.38134935435420303 0.07270230425914331 0.11693194762255178
0 0.952665366487892 0.5827756145047456 0.040630586705671976 0.08061572158676074
0 0.3244149195514383 0.3211547821854465 0.035551763367463025 0.06236310537843758
1 0.366569153258573 0.29757848624969574 0.026409881358686826 0.057799951326356756
1 0.249248334145945 0.44359941591628127 0.03555176336746299 0.07301046483329278
